2 0.21640625 0.31015625 0.13125 0.1
3 0.50234375 0.29453125 0.1859375 0.1484375
0 0.31640625 0.4234375 0.121875 0.1015625
3 0.73828125 0.39609375 0.16875 0.1375
3 0.1703125 0.5015625 0.159375 0.1421875
3 0.48671875 0.47578125 0.159375 0.1359375
2 0.36796875 0.5984375 0.1265625 0.1015625
3 0.671875 0.57265625 0.1640625 0.1265625
0 0.49609375 0.63359375 0.1171875 0.0859375
3 0.240625 0.70703125 0.1578125 0.1265625
1 0.47578125 0.77734375 0.1359375 0.109375
1 0.7046875 0.18046875 0.159375 0.1171875