3 0.41015625 0.534375 0.1109375 0.1484375
2 0.44453125 0.33359375 0.103125 0.140625
2 0.446875 0.328125 0.09375 0.115625
3 0.46796875 0.771875 0.115625 0.1484375
0 0.51171875 0.45390625 0.0828125 0.1078125
2 0.5484375 0.64453125 0.0875 0.1203125
3 0.6296875 0.290625 0.1078125 0.153125
3 0.61953125 0.5 0.109375 0.140625
0 0.63046875 0.68203125 0.0765625 0.1015625
1 0.621875 0.8453125 0.1140625 0.1609375
1 0.75390625 0.1796875 0.096875 0.1203125
3 0.740625 0.6 0.109375 0.140625
3 0.78203125 0.40234375 0.11875 0.15