3 0.6109375 0.56953125 0.140625 0.1765625
1 0.57890625 0.2671875 0.1171875 0.1578125
2 0.53515625 0.42265625 0.1109375 0.1375
2 0.52265625 0.078125 0.1125 0.1546875
3 0.48671875 0.71484375 0.1421875 0.1921875
0 0.4640625 0.30234375 0.1015625 0.140625
0 0.421875 0.53125 0.10625 0.140625
3 0.38515625 0.153125 0.140625 0.1796875
3 0.35234375 0.37109375 0.1375 0.1859375
1 0.32421875 0.759375 0.1265625 0.1703125
2 0.31484375 0.5859375 0.1125 0.146875
3 0.22109375 0.15546875 0.1375 0.1703125
3 0.21328125 0.3859375 0.140625 0.1765625
2 0.15078125 0.58671875 0.1125 0.14375