3 0.5453125 0.5625 0.140625 0.1046875
2 0.3484375 0.5359375 0.1328125 0.096875
2 0.34296875 0.534375 0.109375 0.0875
3 0.77421875 0.4984375 0.1421875 0.1078125
0 0.4640625 0.46640625 0.103125 0.0765625
2 0.64765625 0.42421875 0.115625 0.08125
3 0.30078125 0.3578125 0.1484375 0.1
3 0.5046875 0.3609375 0.134375 0.103125
0 0.68046875 0.34375 0.0953125 0.0703125
1 0.840625 0.34609375 0.1546875 0.10625
1 0.18828125 0.240625 0.1140625 0.0921875
3 0.5984375 0.23984375 0.134375 0.1015625
3 0.40390625 0.20625 0.1421875 0.1109375