3 0.3859375 0.43046875 0.1375 0.1734375
1 0.39765625 0.7296875 0.1171875 0.15625
2 0.45078125 0.5796875 0.1078125 0.134375
2 0.4390625 0.91953125 0.1109375 0.153125
3 0.51875 0.296875 0.140625 0.1890625
0 0.51171875 0.70234375 0.1015625 0.1375
0 0.56953125 0.48125 0.1046875 0.1390625
3 0.578125 0.85546875 0.1375 0.1765625
3 0.6265625 0.64296875 0.1359375 0.1828125
1 0.68046875 0.2640625 0.125 0.16875
2 0.678125 0.434375 0.1109375 0.14375
3 0.73984375 0.8640625 0.1359375 0.1671875
3 0.7640625 0.63828125 0.1375 0.1734375
2 0.83984375 0.4453125 0.1109375 0.1421875