3 0.621875 0.43515625 0.1453125 0.1828125
1 0.58828125 0.75 0.125 0.1640625
2 0.54296875 0.58828125 0.1140625 0.140625
2 0.53046875 0.9328125 0.1171875 0.134375
3 0.49296875 0.2859375 0.146875 0.1984375
0 0.46953125 0.7125 0.10625 0.1453125
0 0.42578125 0.47578125 0.1109375 0.146875
3 0.38828125 0.86796875 0.1453125 0.1859375
3 0.35390625 0.6421875 0.14375 0.1921875
1 0.325 0.23828125 0.13125 0.178125
2 0.3140625 0.41875 0.1171875 0.1515625
3 0.2171875 0.865625 0.14375 0.1765625
3 0.20859375 0.6265625 0.1453125 0.1828125
2 0.14375 0.41796875 0.1171875 0.15