3 0.5375 0.56953125 0.14375 0.1078125
2 0.33984375 0.53828125 0.1359375 0.1
2 0.334375 0.5359375 0.1109375 0.0890625
3 0.7703125 0.50703125 0.1453125 0.1109375
0 0.45703125 0.46953125 0.1046875 0.0796875
2 0.64296875 0.43046875 0.11875 0.084375
3 0.29453125 0.35625 0.1484375 0.103125
3 0.5 0.36328125 0.1375 0.10625
0 0.678125 0.35 0.0984375 0.0734375
1 0.83984375 0.3546875 0.1578125 0.1109375
1 0.1828125 0.23671875 0.1171875 0.0953125
3 0.596875 0.2421875 0.1375 0.1046875
3 0.40078125 0.20546875 0.146875 0.115625