2 0.40546875 0.1875 0.1484375 0.1609375
3 0.390625 0.53515625 0.19375 0.19375
3 0.44609375 0.36328125 0.19375 0.1875
2 0.471875 0.690625 0.1515625 0.1609375
2 0.5359375 0.1609375 0.146875 0.15
2 0.54296875 0.5640625 0.15625 0.15625
3 0.6109375 0.2921875 0.2 0.1890625
2 0.6421875 0.6765625 0.1859375 0.159375
3 0.675 0.459375 0.2046875 0.1890625
2 0.778125 0.2890625 0.171875 0.1578125
2 0.75078125 0.78828125 0.1765625 0.1671875
3 0.79453125 0.603125 0.215625 0.203125
3 0.88359375 0.41796875 0.215625 0.2015625
2 0.25625 0.46015625 0.14375 0.15
3 0.28046875 0.3078125 0.178125 0.1875
3 0.309375 0.7 0.1890625 0.2