3 0.6671875 0.4046875 0.18125 0.196875
3 0.8609375 0.42421875 0.1859375 0.19375
3 0.26328125 0.3953125 0.2015625 0.1984375
3 0.4796875 0.41484375 0.1859375 0.1859375
2 0.20546875 0.63359375 0.1640625 0.1640625
2 0.43828125 0.66328125 0.159375 0.159375
2 0.80390625 0.69453125 0.1484375 0.1578125
2 0.62890625 0.69375 0.1546875 0.159375
2 0.190625 0.8453125 0.1640625 0.1640625
2 0.40703125 0.85859375 0.1578125 0.159375
2 0.60703125 0.875 0.1546875 0.159375
2 0.80390625 0.9015625 0.1671875 0.1578125
3 0.49375 0.18359375 0.1921875 0.20625
3 0.27109375 0.17421875 0.20625 0.2015625
3 0.8703125 0.209375 0.184375 0.1890625
3 0.69140625 0.21484375 0.1859375 0.1984375