3 0.6765625 0.53828125 0.2234375 0.221875
3 0.71015625 0.77265625 0.2265625 0.225
2 0.6234375 0.30390625 0.184375 0.178125
2 0.5890625 0.13671875 0.1859375 0.1859375
3 0.48515625 0.5890625 0.228125 0.225
3 0.496875 0.81796875 0.23125 0.2296875
2 0.41796875 0.35859375 0.190625 0.1859375
2 0.36796875 0.184375 0.190625 0.190625
3 0.2765625 0.896875 0.240625 0.20625
3 0.2328125 0.646875 0.2484375 0.2375
2 0.1671875 0.41015625 0.196875 0.190625
2 0.10625 0.2203125 0.2015625 0.19375
3 0.88046875 0.5234375 0.21875 0.2234375
3 0.9 0.72109375 0.2 0.2140625
2 0.8203125 0.2515625 0.175 0.175
2 0.77734375 0.09140625 0.175 0.175