2 0.571875 0.4171875 0.1546875 0.15
2 0.5875 0.23359375 0.1484375 0.1484375
2 0.5453125 0.59921875 0.165625 0.15625
2 0.5171875 0.80625 0.15625 0.15625
1 0.3765625 0.215625 0.165625 0.165625
1 0.3578125 0.39921875 0.165625 0.16875
1 0.33828125 0.5953125 0.165625 0.1703125
1 0.3140625 0.8140625 0.1703125 0.1703125
1 0.18515625 0.20703125 0.159375 0.1578125
1 0.1140625 0.81171875 0.175 0.171875
1 0.12734375 0.575 0.171875 0.18125
1 0.14140625 0.3609375 0.1703125 0.1703125
2 0.7578125 0.63984375 0.1578125 0.15625
2 0.79140625 0.24609375 0.1578125 0.15
2 0.728125 0.85546875 0.1625 0.15625
2 0.75078125 0.45546875 0.1609375 0.15