2 0.790625 0.51484375 0.1375 0.171875
2 0.69140625 0.2890625 0.1375 0.175
3 0.70859375 0.65546875 0.1734375 0.225
3 0.6625 0.4578125 0.1609375 0.2140625
2 0.7 0.87734375 0.134375 0.1765625
2 0.52890625 0.140625 0.14375 0.175
3 0.5421875 0.31875 0.1640625 0.221875
3 0.575 0.72890625 0.1734375 0.225
2 0.58984375 0.9328125 0.1375 0.13125
2 0.546875 0.540625 0.1390625 0.1875
2 0.48046875 0.87109375 0.146875 0.19375
3 0.42421875 0.446875 0.18125 0.228125
3 0.3984375 0.22109375 0.18125 0.23125
3 0.4234375 0.6640625 0.175 0.2296875
3 0.27734375 0.5390625 0.1921875 0.240625
2 0.284375 0.74921875 0.165625 0.1984375