2 0.278125 0.584375 0.1375 0.1703125
2 0.3734375 0.81484375 0.1375 0.1734375
3 0.36015625 0.44296875 0.1734375 0.225
3 0.40625 0.646875 0.159375 0.2125
2 0.37421875 0.22109375 0.1359375 0.178125
2 0.52890625 0.93984375 0.1390625 0.1203125
3 0.5234375 0.78671875 0.1640625 0.221875
3 0.5 0.37421875 0.1734375 0.225
2 0.48359375 0.13984375 0.140625 0.1828125
2 0.52421875 0.565625 0.1390625 0.1875
2 0.5984375 0.2328125 0.14375 0.19375
3 0.646875 0.659375 0.1796875 0.228125
3 0.66796875 0.8828125 0.178125 0.2203125
3 0.6484375 0.4421875 0.175 0.23125
3 0.79765625 0.57109375 0.190625 0.2390625
2 0.79453125 0.359375 0.1625 0.196875