1 0.69453125 0.5984375 0.190625 0.1859375
2 0.62890625 0.2125 0.1734375 0.1828125
2 0.590625 0.5 0.1578125 0.1609375
2 0.6078125 0.7265625 0.1578125 0.1578125
1 0.50859375 0.31015625 0.1921875 0.196875
1 0.48515625 0.6078125 0.196875 0.1875
1 0.40703125 0.17734375 0.190625 0.19375
1 0.4453125 0.45703125 0.1984375 0.1921875
2 0.465625 0.75546875 0.1671875 0.1578125
2 0.3546875 0.33203125 0.1703125 0.1703125
1 0.32421875 0.60625 0.1796875 0.1828125
1 0.275 0.4546875 0.184375 0.184375
2 0.15703125 0.55234375 0.1703125 0.1671875
1 0.77421875 0.26171875 0.1953125 0.1984375
2 0.79453125 0.48203125 0.1703125 0.1703125
2 0.684375 0.39375 0.1703125 0.1703125