2 0.65703125 0.25234375 0.1734375 0.1703125
2 0.62890625 0.4015625 0.1703125 0.16875
1 0.58984375 0.55703125 0.196875 0.1890625
1 0.50859375 0.71953125 0.215625 0.2
2 0.5703125 0.128125 0.165625 0.171875
1 0.49609375 0.278125 0.196875 0.1859375
2 0.47890625 0.4375 0.16875 0.16875
1 0.40703125 0.13359375 0.1859375 0.1890625
1 0.33671875 0.51953125 0.1921875 0.1890625
1 0.34609375 0.35 0.196875 0.1921875
2 0.2953125 0.70234375 0.1859375 0.1859375
2 0.25546875 0.21171875 0.1703125 0.1734375
1 0.1609375 0.58203125 0.196875 0.1921875
2 0.1765625 0.390625 0.18125 0.171875
2 0.7515625 0.496875 0.184375 0.175
1 0.71796875 0.6875 0.1984375 0.2078125