2 0.55859375 0.4390625 0.1375 0.13125
2 0.55859375 0.26328125 0.13125 0.13125
2 0.5484375 0.61484375 0.146875 0.1375
2 0.5390625 0.81484375 0.1375 0.1375
1 0.35625 0.26328125 0.146875 0.146875
1 0.35390625 0.440625 0.146875 0.1484375
1 0.3515625 0.62890625 0.146875 0.1515625
1 0.34609375 0.8390625 0.1515625 0.1515625
1 0.1734375 0.271875 0.1421875 0.1390625
1 0.15625 0.85390625 0.15625 0.1515625
1 0.1484375 0.6265625 0.1515625 0.1609375
1 0.14375 0.421875 0.1515625 0.1515625
2 0.7546875 0.63671875 0.1390625 0.1375
2 0.75390625 0.25859375 0.140625 0.13125
2 0.7453125 0.84375 0.14375 0.1375
2 0.7328125 0.4609375 0.14375 0.13125