3 0.34765625 0.37109375 0.1984375 0.2015625
2 0.3359375 0.6546875 0.1640625 0.1640625
2 0.328125 0.83984375 0.16875 0.1734375
3 0.55234375 0.184375 0.203125 0.2015625
3 0.5265625 0.409375 0.203125 0.2015625
2 0.52421875 0.6609375 0.1703125 0.1765625
2 0.534375 0.8609375 0.1703125 0.1828125
3 0.76796875 0.1984375 0.20625 0.20625
3 0.740625 0.41953125 0.221875 0.2140625
2 0.76015625 0.665625 0.178125 0.171875
2 0.74921875 0.8765625 0.184375 0.1796875
3 0.18046875 0.15859375 0.1859375 0.19375
3 0.159375 0.3625 0.1890625 0.190625
2 0.1375 0.83203125 0.1640625 0.16875
2 0.16953125 0.63046875 0.1578125 0.159375
3 0.35390625 0.1796875 0.19375 0.2015625