3 0.35 0.49609375 0.196875 0.2
2 0.3390625 0.80703125 0.1515625 0.1546875
2 0.37421875 0.65546875 0.159375 0.1515625
2 0.41328125 0.19453125 0.15625 0.1625
2 0.41015625 0.3546875 0.15 0.1515625
3 0.49140625 0.76484375 0.196875 0.203125
3 0.50703125 0.57578125 0.196875 0.203125
3 0.559375 0.246875 0.1953125 0.2046875
2 0.5484375 0.41328125 0.165625 0.1765625
2 0.64921875 0.69609375 0.16875 0.1609375
3 0.68203125 0.5203125 0.196875 0.203125
3 0.7296875 0.3328125 0.2078125 0.196875
2 0.19453125 0.54921875 0.1515625 0.15
2 0.21015625 0.409375 0.15 0.1546875
3 0.225 0.70390625 0.1828125 0.1953125
3 0.26171875 0.25625 0.196875 0.1953125