2 0.30078125 0.22734375 0.15 0.1578125
1 0.3640625 0.54453125 0.175 0.175
2 0.434375 0.7671875 0.1546875 0.1578125
2 0.4625 0.90625 0.1515625 0.1578125
2 0.38984375 0.3296875 0.159375 0.1609375
1 0.471875 0.44765625 0.175 0.178125
2 0.4375 0.18515625 0.165625 0.1703125
2 0.503125 0.58671875 0.15625 0.165625
1 0.56484375 0.71875 0.175 0.175
1 0.59921875 0.871875 0.1828125 0.1875
1 0.53203125 0.3015625 0.1765625 0.1859375
1 0.628125 0.4796875 0.1828125 0.1875
2 0.67109375 0.62421875 0.165625 0.1703125
1 0.64921875 0.18515625 0.1890625 0.1953125
2 0.68046875 0.3375 0.1703125 0.165625
1 0.75703125 0.771875 0.1921875 0.1890625
1 0.81484375 0.565625 0.2015625 0.1953125
2 0.79921875 0.24140625 0.1796875 0.1671875
1 0.83125 0.3984375 0.2015625 0.1890625
1 0.1234375 0.43203125 0.1625 0.1671875
2 0.2015625 0.6859375 0.1390625 0.1515625
1 0.2125 0.55 0.1625 0.1703125
2 0.19375 0.31171875 0.1390625 0.1515625
2 0.315625 0.80859375 0.1453125 0.153125
1 0.2828125 0.41953125 0.171875 0.1734375
2 0.33203125 0.67734375 0.1484375 0.153125