2 0.67578125 0.3 0.15 0.146875
2 0.6609375 0.43984375 0.146875 0.14375
1 0.6375 0.58671875 0.16875 0.1625
1 0.57578125 0.74375 0.1875 0.16875
2 0.58515625 0.190625 0.1421875 0.15
1 0.528125 0.334375 0.16875 0.159375
2 0.525 0.4859375 0.14375 0.14375
1 0.434375 0.20703125 0.159375 0.1625
1 0.4 0.57265625 0.165625 0.1625
1 0.3953125 0.4125 0.16875 0.165625
2 0.37734375 0.74296875 0.159375 0.159375
2 0.30078125 0.29375 0.146875 0.153125
1 0.24296875 0.64453125 0.16875 0.165625
2 0.2421875 0.4640625 0.15625 0.146875
2 0.7828125 0.51640625 0.159375 0.153125
1 0.7671875 0.696875 0.16875 0.1796875