3 0.58125 0.3625 0.20625 0.2015625
3 0.790625 0.3984375 0.20625 0.1984375
2 0.38359375 0.378125 0.1671875 0.159375
2 0.215625 0.35390625 0.1734375 0.16875
3 0.78515625 0.57421875 0.2203125 0.2
3 0.55546875 0.54140625 0.1984375 0.20625
2 0.18515625 0.51640625 0.1703125 0.1734375
2 0.36640625 0.55078125 0.16875 0.1734375
2 0.32890625 0.7078125 0.16875 0.1734375
2 0.1640625 0.6890625 0.1828125 0.1796875
3 0.76796875 0.7953125 0.2203125 0.215625
3 0.50703125 0.7640625 0.2125 0.2203125
3 0.621875 0.1828125 0.1953125 0.190625
3 0.81328125 0.21640625 0.19375 0.196875
2 0.246875 0.19140625 0.159375 0.1640625
2 0.41328125 0.23046875 0.1625 0.1484375