2 0.7453125 0.30390625 0.1390625 0.1453125
2 0.69453125 0.525 0.13125 0.1265625
3 0.6234375 0.74765625 0.153125 0.15
2 0.65546875 0.42109375 0.1328125 0.1328125
2 0.58203125 0.63515625 0.125 0.1203125
2 0.6296875 0.30078125 0.1375 0.1375
3 0.56640625 0.51640625 0.15625 0.15625
2 0.50234375 0.76796875 0.11875 0.115625
3 0.52421875 0.384375 0.1609375 0.1609375
3 0.45078125 0.5921875 0.1546875 0.1546875
3 0.4 0.709375 0.153125 0.140625
2 0.4359375 0.284375 0.1375 0.1390625
2 0.396875 0.48125 0.13125 0.1265625
3 0.31015625 0.596875 0.159375 0.1515625
3 0.30390625 0.38828125 0.175 0.165625
3 0.70546875 0.6421875 0.165625 0.15