2 0.76875 0.309375 0.175 0.1765625
2 0.3484375 0.36875 0.1671875 0.1765625
2 0.53984375 0.3484375 0.165625 0.165625
2 0.14765625 0.40859375 0.1609375 0.165625
1 0.8265625 0.54375 0.1890625 0.1828125
1 0.16640625 0.64609375 0.1890625 0.184375
1 0.6109375 0.6 0.1828125 0.19375
1 0.4046875 0.646875 0.178125 0.184375
1 0.871875 0.76484375 0.1828125 0.2
1 0.1953125 0.8609375 0.1859375 0.1953125
1 0.64921875 0.8140625 0.184375 0.184375
1 0.42578125 0.84375 0.178125 0.184375
2 0.7421875 0.121875 0.1625 0.165625
2 0.52109375 0.1765625 0.1671875 0.1765625
2 0.13203125 0.2296875 0.1625 0.175
2 0.33984375 0.209375 0.1703125 0.1703125