1 0.5859375 0.375 0.14375 0.1390625
1 0.56640625 0.15546875 0.15 0.14375
1 0.56796875 0.5984375 0.146875 0.140625
1 0.56640625 0.75390625 0.14375 0.140625
2 0.38046875 0.153125 0.134375 0.128125
2 0.3734375 0.721875 0.13125 0.128125
2 0.371875 0.36640625 0.134375 0.128125
2 0.359375 0.53046875 0.13125 0.128125
2 0.21953125 0.3890625 0.134375 0.128125
2 0.21640625 0.725 0.128125 0.128125
2 0.2 0.55546875 0.128125 0.121875
2 0.19453125 0.16640625 0.134375 0.128125
1 0.7640625 0.18046875 0.15 0.14375
1 0.73046875 0.3890625 0.1390625 0.14375
1 0.721875 0.7359375 0.14375 0.1390625
1 0.721875 0.590625 0.14375 0.140625