3 0.4125 0.6375 0.2140625 0.2140625
3 0.58984375 0.57109375 0.2125 0.2015625
2 0.2453125 0.56796875 0.1765625 0.171875
2 0.8015625 0.45390625 0.1734375 0.16875
2 0.3734375 0.4796875 0.18125 0.175
3 0.653125 0.39609375 0.2125 0.2171875
2 0.2453125 0.39453125 0.1875 0.1734375
3 0.4703125 0.346875 0.221875 0.21875
2 0.64765625 0.221875 0.175 0.18125
2 0.1234375 0.284375 0.1859375 0.18125
3 0.309375 0.228125 0.2390625 0.234375
3 0.4984375 0.12109375 0.234375 0.2359375
2 0.50390625 0.77421875 0.1703125 0.159375
3 0.6625 0.73046875 0.203125 0.2046875
3 0.2546875 0.7359375 0.225 0.209375
2 0.77890625 0.6015625 0.1640625 0.1578125