2 0.728125 0.640625 0.134375 0.128125
2 0.4890625 0.62421875 0.115625 0.121875
3 0.24609375 0.58671875 0.1375 0.140625
2 0.59140625 0.56640625 0.121875 0.121875
2 0.35625 0.525 0.109375 0.115625
2 0.7125 0.51953125 0.128125 0.128125
3 0.478125 0.4890625 0.14375 0.14375
2 0.2046875 0.4640625 0.1046875 0.109375
3 0.6078125 0.42265625 0.15 0.15
3 0.3796875 0.38125 0.140625 0.14375
3 0.2484375 0.3484375 0.128125 0.14375
2 0.69765625 0.31484375 0.1296875 0.128125
2 0.4859375 0.30625 0.115625 0.121875
3 0.35078125 0.23515625 0.1390625 0.15
3 0.56796875 0.19453125 0.1515625 0.1625
3 0.36875 0.6546875 0.134375 0.1546875