2 0.6390625 0.14140625 0.146875 0.159375
1 0.65234375 0.48359375 0.175 0.175
2 0.63046875 0.73515625 0.153125 0.1578125
2 0.634375 0.8859375 0.15 0.1578125
2 0.5734375 0.26796875 0.1578125 0.159375
1 0.51484375 0.41015625 0.175 0.1765625
2 0.48984375 0.1296875 0.1640625 0.1703125
2 0.51796875 0.56171875 0.1546875 0.165625
1 0.4828125 0.715625 0.175 0.175
1 0.484375 0.88046875 0.1828125 0.1859375
1 0.41796875 0.275 0.1765625 0.1859375
1 0.36328125 0.4828125 0.18125 0.1859375
2 0.353125 0.64296875 0.1640625 0.1703125
1 0.26796875 0.18359375 0.1875 0.1953125
2 0.271875 0.34609375 0.1703125 0.1640625
1 0.296875 0.81640625 0.1921875 0.1875
1 0.18671875 0.61484375 0.203125 0.1921875
2 0.1265625 0.27734375 0.18125 0.1640625
1 0.1328125 0.4453125 0.2015625 0.184375
1 0.875 0.31328125 0.1609375 0.165625
2 0.8546875 0.59453125 0.1375 0.1515625
1 0.8109375 0.45703125 0.1609375 0.16875
2 0.77109375 0.20546875 0.1375 0.1515625
2 0.765625 0.746875 0.14375 0.153125
1 0.70625 0.33828125 0.1703125 0.1734375
2 0.71796875 0.6171875 0.146875 0.153125