2 0.71171875 0.18828125 0.1453125 0.1546875
1 0.6703125 0.5171875 0.1703125 0.1703125
2 0.6140625 0.75078125 0.15 0.1546875
2 0.59453125 0.8953125 0.1484375 0.1546875
2 0.62734375 0.3 0.15625 0.1578125
1 0.55234375 0.4265625 0.171875 0.1734375
2 0.56875 0.15546875 0.1609375 0.165625
2 0.5296875 0.57109375 0.15 0.1609375
1 0.47578125 0.71015625 0.1703125 0.1703125
1 0.45234375 0.86953125 0.178125 0.1828125
1 0.48046875 0.28046875 0.171875 0.18125
1 0.3953125 0.4703125 0.1765625 0.1828125
2 0.36171875 0.62109375 0.159375 0.165625
1 0.35234375 0.17109375 0.1828125 0.1890625
2 0.33046875 0.32890625 0.165625 0.159375
1 0.28359375 0.778125 0.1875 0.1828125
1 0.21015625 0.571875 0.1984375 0.1890625
2 0.203125 0.2390625 0.1765625 0.1625
1 0.18046875 0.4015625 0.1984375 0.18125
1 0.90859375 0.3859375 0.1578125 0.1640625
2 0.8453125 0.65 0.1328125 0.146875
1 0.825 0.5125 0.1578125 0.165625
2 0.828125 0.2671875 0.1328125 0.146875
2 0.7375 0.784375 0.1421875 0.1484375
1 0.74296875 0.384375 0.165625 0.16875
2 0.71171875 0.6515625 0.14375 0.1484375