2 0.76953125 0.334375 0.153125 0.15625
2 0.38515625 0.36953125 0.1453125 0.15625
2 0.5609375 0.359375 0.1453125 0.1453125
2 0.20078125 0.39609375 0.140625 0.146875
1 0.8125 0.55234375 0.16875 0.159375
1 0.203125 0.615625 0.1671875 0.1640625
1 0.6140625 0.59296875 0.159375 0.1703125
1 0.4203125 0.6265625 0.15625 0.159375
1 0.84375 0.75546875 0.159375 0.175
1 0.221875 0.81171875 0.1625 0.171875
1 0.6375 0.790625 0.1625 0.1609375
1 0.4328125 0.80703125 0.15625 0.159375
2 0.7578125 0.1609375 0.1421875 0.146875
2 0.55234375 0.2015625 0.1453125 0.15625
2 0.19375 0.23203125 0.140625 0.15625
2 0.3828125 0.22421875 0.15 0.15