3 0.66015625 0.4140625 0.2 0.1984375
3 0.63671875 0.19140625 0.203125 0.203125
2 0.66484375 0.640625 0.165625 0.159375
2 0.671875 0.803125 0.165625 0.165625
3 0.471875 0.4109375 0.20625 0.203125
3 0.43046875 0.1984375 0.2078125 0.20625
2 0.46328125 0.63828125 0.171875 0.1671875
2 0.45703125 0.81015625 0.1734375 0.1734375
3 0.20625 0.16015625 0.2171875 0.2171875
3 0.22734375 0.41640625 0.221875 0.2109375
2 0.22109375 0.6484375 0.175 0.1703125
2 0.20859375 0.83671875 0.18125 0.1734375
3 0.85 0.38125 0.196875 0.2
3 0.82734375 0.19375 0.1890625 0.1921875
2 0.8578125 0.6453125 0.15625 0.15625
2 0.85390625 0.80234375 0.15625 0.15625