2 0.41875 0.775 0.1640625 0.1625
2 0.42890625 0.62109375 0.1625 0.159375
1 0.44921875 0.4578125 0.1875 0.178125
1 0.51171875 0.28359375 0.20625 0.1875
2 0.52265625 0.89140625 0.15625 0.1640625
1 0.57890625 0.72890625 0.1875 0.175
2 0.57578125 0.56484375 0.159375 0.159375
1 0.68671875 0.86484375 0.175 0.178125
1 0.71015625 0.4640625 0.18125 0.178125
1 0.721875 0.6375 0.1875 0.18125
2 0.7296875 0.27421875 0.175 0.175
2 0.83125 0.76640625 0.1625 0.1640625
1 0.88125 0.37890625 0.1875 0.18125
2 0.8890625 0.575 0.171875 0.1625
2 0.2921875 0.53984375 0.175 0.1640625
1 0.30234375 0.3421875 0.1875 0.196875