3 0.28046875 0.83515625 0.196875 0.1890625
3 0.2828125 0.61640625 0.190625 0.190625
2 0.30859375 0.1890625 0.159375 0.1546875
2 0.32578125 0.39296875 0.1546875 0.159375
3 0.48984375 0.82734375 0.196875 0.190625
3 0.48984375 0.6046875 0.2 0.196875
2 0.5078125 0.38359375 0.159375 0.1625
2 0.5234375 0.18515625 0.1703125 0.1703125
3 0.7171875 0.8328125 0.203125 0.19375
3 0.7171875 0.6140625 0.20625 0.190625
2 0.71796875 0.396875 0.159375 0.165625
2 0.725 0.1796875 0.1703125 0.1703125
3 0.08671875 0.81875 0.165625 0.1875
3 0.0890625 0.61796875 0.175 0.1890625
2 0.11015625 0.38125 0.1546875 0.1546875
2 0.12265625 0.2 0.1546875 0.159375