2 0.178125 0.36953125 0.1671875 0.16875
2 0.5859375 0.42109375 0.159375 0.1671875
2 0.4 0.40390625 0.1578125 0.1578125
2 0.78046875 0.45546875 0.1515625 0.1609375
1 0.12578125 0.5984375 0.18125 0.1734375
1 0.76640625 0.6859375 0.18125 0.1765625
1 0.3359375 0.6484375 0.1734375 0.1859375
1 0.5359375 0.690625 0.16875 0.175
1 0.0859375 0.81171875 0.171875 0.1921875
1 0.7421875 0.89453125 0.1765625 0.1859375
1 0.30234375 0.85625 0.175 0.175
1 0.51875 0.88125 0.16875 0.175
2 0.2 0.18828125 0.1546875 0.1578125
2 0.415625 0.2375 0.159375 0.1671875
2 0.79296875 0.28203125 0.153125 0.1671875
2 0.59140625 0.26640625 0.165625 0.165625