3 0.7453125 0.54453125 0.2421875 0.240625
3 0.78046875 0.7984375 0.2453125 0.2453125
2 0.68671875 0.290625 0.2 0.19375
2 0.64921875 0.109375 0.2015625 0.2
3 0.53671875 0.6 0.2484375 0.2453125
3 0.54921875 0.846875 0.2515625 0.2484375
2 0.46484375 0.35 0.20625 0.2015625
2 0.41015625 0.1609375 0.2078125 0.2078125
3 0.3078125 0.91015625 0.25625 0.1796875
3 0.26328125 0.6609375 0.26875 0.2578125
2 0.19296875 0.40546875 0.2140625 0.20625
2 0.12734375 0.2 0.21875 0.209375
3 0.92265625 0.53203125 0.1546875 0.2328125
3 0.9390625 0.74453125 0.121875 0.2234375
2 0.890625 0.23515625 0.16875 0.1859375
2 0.85234375 0.0765625 0.1890625 0.153125