2 0.33203125 0.46328125 0.1609375 0.15625
1 0.384375 0.31796875 0.1859375 0.1859375
2 0.375 0.60859375 0.1609375 0.1609375
1 0.4921875 0.19375 0.1859375 0.19375
1 0.484375 0.44609375 0.184375 0.175
2 0.5171875 0.596875 0.1640625 0.1625
1 0.60234375 0.33671875 0.1859375 0.1859375
2 0.6546875 0.1875 0.1609375 0.1609375
2 0.60546875 0.70859375 0.15625 0.1578125
1 0.64140625 0.49140625 0.178125 0.178125
2 0.7484375 0.37734375 0.15625 0.15625
1 0.73046875 0.6265625 0.1796875 0.18125
2 0.7984375 0.2375 0.1640625 0.1625
1 0.8359375 0.50078125 0.184375 0.1796875
2 0.228125 0.3578125 0.1578125 0.1609375
1 0.221875 0.57265625 0.184375 0.1765625