2 0.2890625 0.3765625 0.1546875 0.15625
2 0.43671875 0.38515625 0.153125 0.1546875
1 0.59296875 0.40546875 0.1703125 0.178125
1 0.76015625 0.46484375 0.178125 0.196875
2 0.17734375 0.475 0.1578125 0.15
1 0.33046875 0.5296875 0.16875 0.178125
2 0.48984375 0.5265625 0.153125 0.153125
1 0.20078125 0.6328125 0.1703125 0.16875
1 0.5859375 0.65546875 0.1703125 0.1734375
1 0.41796875 0.66640625 0.1734375 0.178125
2 0.76640625 0.6734375 0.16875 0.16875
2 0.29609375 0.77109375 0.159375 0.1546875
1 0.66796875 0.81875 0.1734375 0.178125
2 0.47734375 0.8265625 0.1546875 0.165625
2 0.51328125 0.25546875 0.159375 0.16875
1 0.70390625 0.26484375 0.1890625 0.178125