2 0.39140625 0.1921875 0.1640625 0.1640625
2 0.38203125 0.5421875 0.15625 0.1625
2 0.36796875 0.87734375 0.159375 0.16875
1 0.41171875 0.3640625 0.1703125 0.175
2 0.43515625 0.74453125 0.1546875 0.1625
1 0.52890625 0.090625 0.1859375 0.18125
2 0.5265625 0.253125 0.159375 0.1578125
1 0.51875 0.61015625 0.1796875 0.1796875
1 0.51640625 0.9265625 0.1828125 0.146875
1 0.5546875 0.43359375 0.1859375 0.184375
2 0.5828125 0.7921875 0.1703125 0.175
1 0.678125 0.3078125 0.1953125 0.18125
2 0.6734375 0.5359375 0.1671875 0.1703125
1 0.753125 0.12734375 0.1953125 0.1921875
1 0.71875 0.71171875 0.2125 0.19375
2 0.715625 0.909375 0.175 0.1734375
1 0.82734375 0.4125 0.203125 0.1953125
2 0.8328125 0.58671875 0.1796875 0.1640625
2 0.88125 0.24921875 0.1859375 0.184375
1 0.128125 0.4265625 0.159375 0.1734375
2 0.11875 0.68046875 0.146875 0.1578125
1 0.20859375 0.5640625 0.1640625 0.175
1 0.22109375 0.84375 0.1640625 0.175
2 0.27421875 0.27421875 0.1546875 0.1625
2 0.27734375 0.41953125 0.153125 0.1546875
1 0.2984375 0.6984375 0.1703125 0.1796875