3 0.25390625 0.40546875 0.2140625 0.2140625
3 0.3171875 0.58515625 0.2 0.2109375
2 0.32578125 0.23828125 0.1703125 0.175
2 0.43203125 0.8 0.1671875 0.171875
2 0.41328125 0.36953125 0.1734375 0.18125
3 0.4921875 0.65078125 0.2140625 0.2109375
2 0.5 0.2421875 0.171875 0.184375
3 0.54453125 0.46875 0.215625 0.21875
2 0.6671875 0.64921875 0.18125 0.1734375
2 0.6140625 0.12109375 0.18125 0.184375
3 0.66640625 0.30859375 0.234375 0.2375
3 0.77109375 0.5015625 0.2359375 0.2328125
2 0.11484375 0.4953125 0.1578125 0.1671875
3 0.15546875 0.6546875 0.2046875 0.2015625
3 0.15703125 0.2453125 0.2078125 0.2234375
2 0.2828125 0.77421875 0.1578125 0.1609375