3 0.775 0.71640625 0.21875 0.2125
3 0.559375 0.68828125 0.2171875 0.215625
2 0.14296875 0.603125 0.175 0.1796875
2 0.3421875 0.61640625 0.1703125 0.1703125
3 0.79609375 0.50703125 0.225 0.2203125
3 0.571875 0.475 0.21875 0.215625
2 0.35859375 0.43515625 0.1734375 0.1734375
2 0.16796875 0.3984375 0.1765625 0.175
3 0.61015625 0.26171875 0.225 0.2203125
2 0.396875 0.2296875 0.1734375 0.1734375
3 0.83203125 0.2796875 0.209375 0.2171875
2 0.18125 0.19296875 0.1796875 0.175
3 0.72734375 0.90390625 0.2078125 0.1921875
3 0.53046875 0.8796875 0.2125 0.2125
2 0.303125 0.82421875 0.1671875 0.1640625
2 0.1234375 0.790625 0.1796875 0.1734375