3 0.63984375 0.3859375 0.1921875 0.2046875
3 0.82890625 0.36484375 0.196875 0.203125
3 0.25625 0.45859375 0.2125 0.209375
3 0.46484375 0.43359375 0.196875 0.196875
2 0.2515625 0.6953125 0.1734375 0.1734375
2 0.47578125 0.67734375 0.16875 0.16875
2 0.82890625 0.63046875 0.1578125 0.1625
2 0.6625 0.6671875 0.1625 0.1671875
2 0.27890625 0.8984375 0.1734375 0.1734375
2 0.48515625 0.86796875 0.165625 0.1671875
2 0.67734375 0.8421875 0.1640625 0.1671875
2 0.87109375 0.828125 0.171875 0.165625
3 0.43203125 0.21171875 0.2046875 0.215625
3 0.22265625 0.24765625 0.2171875 0.2125
3 0.79609375 0.16015625 0.19375 0.1984375
3 0.62578125 0.20234375 0.1984375 0.2078125