3 0.7859375 0.384375 0.2125 0.2046875
3 0.56796875 0.37109375 0.209375 0.20625
2 0.14140625 0.37578125 0.1671875 0.1734375
2 0.33984375 0.40078125 0.165625 0.165625
3 0.765625 0.59453125 0.2171875 0.2140625
3 0.5390625 0.584375 0.2125 0.2078125
2 0.32109375 0.58203125 0.1671875 0.1671875
2 0.12578125 0.58125 0.1703125 0.16875
3 0.53671875 0.8015625 0.2171875 0.2140625
2 0.31953125 0.7921875 0.1671875 0.16875
3 0.75859375 0.8265625 0.2 0.209375
2 0.09921875 0.78671875 0.1734375 0.16875
3 0.7765625 0.18359375 0.2 0.196875
3 0.5765625 0.17578125 0.203125 0.203125
2 0.340625 0.1875 0.1609375 0.1578125
2 0.15703125 0.1859375 0.1734375 0.165625