2 0.76328125 0.37265625 0.1484375 0.1515625
3 0.41171875 0.39453125 0.18125 0.1859375
3 0.59296875 0.42734375 0.18125 0.19375
2 0.26171875 0.49140625 0.1625 0.1484375
2 0.81015625 0.5 0.15 0.140625
2 0.39765625 0.55390625 0.1515625 0.1546875
3 0.684375 0.584375 0.1859375 0.190625
2 0.30078125 0.66015625 0.1609375 0.1453125
3 0.52265625 0.6703125 0.1859375 0.203125
2 0.709375 0.74609375 0.1578125 0.1625
2 0.196875 0.79375 0.16875 0.165625
3 0.3921875 0.81015625 0.2109375 0.2109375
3 0.59375 0.8765625 0.19375 0.2140625
2 0.46328125 0.25 0.146875 0.1453125
3 0.628125 0.26484375 0.1859375 0.1890625
3 0.234375 0.3375 0.203125 0.196875