3 0.5515625 0.634375 0.1921875 0.1953125
3 0.7578125 0.6078125 0.1859375 0.190625
2 0.34765625 0.609375 0.1546875 0.1609375
2 0.17890625 0.6234375 0.1625 0.1671875
3 0.75546875 0.4328125 0.1921875 0.1890625
3 0.5328125 0.45234375 0.1921875 0.1953125
2 0.15703125 0.4578125 0.1609375 0.1609375
2 0.33671875 0.43359375 0.1546875 0.1609375
2 0.31015625 0.27265625 0.1578125 0.1609375
2 0.140625 0.28515625 0.1625 0.1609375
3 0.759375 0.203125 0.2 0.20625
3 0.48984375 0.221875 0.196875 0.2046875
3 0.78046875 0.79453125 0.1890625 0.1890625
3 0.58203125 0.81171875 0.1890625 0.1828125
2 0.20234375 0.7890625 0.1546875 0.1546875
2 0.36953125 0.76015625 0.1515625 0.1578125