2 0.76484375 0.5109375 0.1203125 0.1578125
2 0.7015625 0.73828125 0.1203125 0.159375
3 0.67109375 0.38828125 0.153125 0.2046875
3 0.6515625 0.58203125 0.140625 0.1953125
2 0.63359375 0.18046875 0.1171875 0.159375
2 0.56953125 0.9 0.1265625 0.159375
3 0.55859375 0.7296875 0.14375 0.2015625
3 0.5328125 0.3375 0.153125 0.2046875
2 0.52109375 0.11875 0.125 0.1671875
2 0.53125 0.51953125 0.121875 0.171875
2 0.42421875 0.215625 0.128125 0.1765625
3 0.42890625 0.62421875 0.159375 0.2078125
3 0.4328125 0.84140625 0.1609375 0.2109375
3 0.40078125 0.41796875 0.1546875 0.2109375
3 0.27578125 0.55625 0.1703125 0.21875
2 0.2546875 0.3578125 0.146875 0.1796875