2 0.678125 0.54140625 0.16875 0.165625
1 0.665625 0.384375 0.19375 0.19375
2 0.59921875 0.66796875 0.1703125 0.1703125
1 0.5921875 0.2375 0.1953125 0.2015625
1 0.53515625 0.484375 0.1921875 0.184375
2 0.46328125 0.6203125 0.171875 0.1703125
1 0.44921875 0.34453125 0.19375 0.19375
2 0.43828125 0.1875 0.171875 0.1703125
2 0.34921875 0.7078125 0.1640625 0.165625
1 0.37109375 0.48515625 0.1875 0.1875
2 0.29609375 0.35 0.1640625 0.1640625
1 0.24921875 0.59296875 0.1875 0.1890625
2 0.28359375 0.20078125 0.171875 0.1703125
1 0.17890625 0.446875 0.1921875 0.1890625
2 0.80703125 0.465625 0.1671875 0.16875
1 0.75625 0.67578125 0.1921875 0.1875