3 0.2921875 0.77421875 0.209375 0.215625
3 0.32265625 0.56328125 0.2125 0.2140625
2 0.4125 0.16328125 0.1765625 0.171875
2 0.396875 0.3546875 0.16875 0.16875
3 0.49375 0.7953125 0.2171875 0.221875
3 0.5296875 0.58046875 0.2125 0.2171875
2 0.57109375 0.375 0.171875 0.171875
2 0.61015625 0.18828125 0.171875 0.1734375
3 0.7359375 0.61953125 0.2171875 0.221875
2 0.76875 0.415625 0.171875 0.171875
3 0.7140625 0.8359375 0.2125 0.2078125
2 0.80859375 0.20625 0.171875 0.1765625
3 0.1046875 0.721875 0.2 0.20625
3 0.13671875 0.534375 0.2078125 0.2078125
2 0.19453125 0.3140625 0.159375 0.165625
2 0.23046875 0.140625 0.1703125 0.175