2 0.259375 0.378125 0.1375 0.140625
3 0.58828125 0.3640625 0.1671875 0.1734375
3 0.4234375 0.4125 0.16875 0.1796875
2 0.73671875 0.43984375 0.15 0.1390625
2 0.2296875 0.5015625 0.140625 0.1296875
2 0.61640625 0.51015625 0.140625 0.14375
3 0.35390625 0.5671875 0.175 0.178125
2 0.7171875 0.6 0.15 0.1359375
3 0.5125 0.63046875 0.175 0.1890625
2 0.34609375 0.7203125 0.146875 0.1515625
2 0.82578125 0.7140625 0.1578125 0.1546875
3 0.64765625 0.7484375 0.1953125 0.1953125
3 0.465625 0.8296875 0.1796875 0.2
2 0.52578125 0.2359375 0.1375 0.134375
3 0.37421875 0.265625 0.1734375 0.175
3 0.74765625 0.29375 0.190625 0.184375