2 0.7546875 0.234375 0.1375 0.14375
2 0.7203125 0.47109375 0.1296875 0.1234375
3 0.6671875 0.71171875 0.15 0.146875
2 0.6703125 0.365625 0.1296875 0.1296875
2 0.6125 0.59609375 0.1234375 0.1171875
2 0.63203125 0.240625 0.1375 0.1375
3 0.58515625 0.47265625 0.153125 0.153125
2 0.540625 0.74375 0.1171875 0.1125
3 0.528125 0.33828125 0.159375 0.159375
3 0.4703125 0.56328125 0.153125 0.15
3 0.42890625 0.69140625 0.1515625 0.1375
2 0.4265625 0.24140625 0.1375 0.1390625
2 0.40390625 0.4515625 0.1296875 0.1234375
3 0.32265625 0.58125 0.159375 0.146875
3 0.2984375 0.36328125 0.1734375 0.1625
3 0.7421875 0.59296875 0.1640625 0.1453125