2 0.73671875 0.45859375 0.1265625 0.165625
2 0.67578125 0.69921875 0.1296875 0.171875
1 0.63203125 0.334375 0.1765625 0.2125
1 0.621875 0.5390625 0.1640625 0.2203125
2 0.58984375 0.121875 0.13125 0.18125
2 0.540625 0.86953125 0.1421875 0.178125
1 0.5234375 0.690625 0.1703125 0.215625
1 0.4890625 0.2859375 0.1703125 0.2171875
2 0.47421875 0.0734375 0.1296875 0.146875
2 0.49609375 0.47109375 0.13125 0.1765625
2 0.37734375 0.16328125 0.1453125 0.1921875
1 0.3875 0.59140625 0.1765625 0.23125
1 0.3953125 0.81171875 0.1734375 0.2265625
1 0.353125 0.375 0.1734375 0.2203125
1 0.22890625 0.51171875 0.18125 0.2328125
2 0.209375 0.30703125 0.15 0.1890625