3 0.653125 0.34140625 0.1921875 0.1921875
3 0.47421875 0.384375 0.1921875 0.178125
2 0.809375 0.43203125 0.1578125 0.1515625
2 0.2515625 0.47421875 0.1546875 0.1484375
2 0.675 0.50078125 0.1640625 0.15625
3 0.390625 0.5515625 0.1890625 0.19375
2 0.78828125 0.6015625 0.16875 0.1546875
3 0.5609375 0.61953125 0.196875 0.19375
2 0.375 0.7203125 0.15625 0.1640625
2 0.89609375 0.72265625 0.1640625 0.1609375
3 0.70859375 0.7578125 0.2140625 0.2109375
3 0.50625 0.8375 0.209375 0.2109375
2 0.5796875 0.19921875 0.1515625 0.1421875
3 0.421875 0.21953125 0.18125 0.184375
3 0.82265625 0.265625 0.203125 0.184375
2 0.2890625 0.33515625 0.146875 0.1421875