3 0.34921875 0.48125 0.1890625 0.1859375
3 0.33671875 0.27890625 0.1828125 0.178125
2 0.41171875 0.67265625 0.153125 0.15
2 0.428125 0.8359375 0.159375 0.1546875
3 0.50546875 0.2484375 0.1796875 0.1859375
3 0.52734375 0.465625 0.1890625 0.1859375
2 0.59296875 0.8265625 0.1546875 0.1546875
2 0.58203125 0.65078125 0.153125 0.15
2 0.74140625 0.6453125 0.153125 0.153125
2 0.7609375 0.81015625 0.1546875 0.15625
3 0.7234375 0.20234375 0.1984375 0.1921875
3 0.75625 0.46484375 0.1984375 0.1875
3 0.1546875 0.2921875 0.1796875 0.1796875
3 0.17421875 0.48671875 0.1765625 0.1796875
2 0.26640625 0.8453125 0.1484375 0.1484375
2 0.26328125 0.67890625 0.1515625 0.146875