2 0.765625 0.6890625 0.1734375 0.159375
3 0.39921875 0.63984375 0.2109375 0.2109375
3 0.58828125 0.6140625 0.203125 0.2109375
2 0.253125 0.52734375 0.1734375 0.165625
2 0.8171875 0.5578125 0.1640625 0.159375
2 0.3984375 0.47578125 0.171875 0.171875
3 0.69296875 0.45625 0.2078125 0.215625
2 0.29765625 0.35234375 0.175 0.203125
3 0.53125 0.3578125 0.2078125 0.221875
2 0.72734375 0.28203125 0.1734375 0.1875
2 0.2015625 0.21875 0.1828125 0.1921875
3 0.40234375 0.2078125 0.221875 0.234375
3 0.6125 0.14921875 0.21875 0.2328125
2 0.45234375 0.7953125 0.1640625 0.15625
3 0.61640625 0.79765625 0.2046875 0.1953125
3 0.21328125 0.6953125 0.215625 0.2078125