2 0.44140625 0.56484375 0.140625 0.1453125
2 0.2671875 0.57734375 0.140625 0.140625
2 0.61484375 0.54296875 0.1453125 0.1546875
2 0.81328125 0.51953125 0.1453125 0.1453125
1 0.253125 0.3765625 0.1546875 0.1546875
1 0.428125 0.36171875 0.1578125 0.1546875
1 0.61640625 0.34609375 0.159375 0.1546875
1 0.8234375 0.3265625 0.159375 0.159375
1 0.2484375 0.19453125 0.146875 0.15
1 0.825 0.13671875 0.1609375 0.165625
1 0.59921875 0.1453125 0.16875 0.1609375
1 0.3953125 0.1546875 0.159375 0.159375
2 0.65078125 0.74609375 0.1453125 0.1484375
2 0.275 0.77109375 0.140625 0.15
2 0.85625 0.721875 0.1453125 0.153125
2 0.475 0.73671875 0.140625 0.153125