2 0.3453125 0.503125 0.146875 0.1421875
1 0.38671875 0.64375 0.1671875 0.1671875
2 0.39296875 0.36796875 0.1484375 0.1484375
1 0.484375 0.76796875 0.1671875 0.175
1 0.4890625 0.528125 0.1671875 0.1578125
2 0.52734375 0.3859375 0.15 0.1484375
1 0.59453125 0.6375 0.1671875 0.1671875
2 0.6375 0.78046875 0.1484375 0.1484375
2 0.61640625 0.28515625 0.140625 0.14375
1 0.63984375 0.49296875 0.1625 0.1625
2 0.73515625 0.6046875 0.140625 0.140625
1 0.73125 0.36875 0.1625 0.165625
2 0.77734375 0.740625 0.15 0.1484375
1 0.825 0.49296875 0.1671875 0.1625
2 0.240625 0.59921875 0.1453125 0.146875
1 0.24609375 0.39453125 0.1671875 0.1609375