3 0.66640625 0.27109375 0.1984375 0.2
2 0.56328125 0.82890625 0.178125 0.16875
3 0.6046875 0.484375 0.2 0.196875
2 0.5796875 0.65 0.15625 0.1671875
3 0.49765625 0.23203125 0.196875 0.2
2 0.37734375 0.803125 0.1625 0.1671875
3 0.42890625 0.425 0.196875 0.196875
2 0.38515625 0.63359375 0.159375 0.1625
3 0.26015625 0.196875 0.2046875 0.1921875
3 0.22265625 0.38828125 0.2046875 0.1921875
2 0.18984375 0.60234375 0.1640625 0.1546875
2 0.16640625 0.7703125 0.1640625 0.153125
3 0.828125 0.50390625 0.209375 0.2015625
3 0.84921875 0.29453125 0.2015625 0.2015625
2 0.7546875 0.68125 0.1671875 0.1671875
2 0.7203125 0.85 0.1671875 0.165625