3 0.66015625 0.50703125 0.2171875 0.2140625
3 0.690625 0.72421875 0.209375 0.2046875
2 0.57578125 0.31015625 0.1765625 0.171875
2 0.53984375 0.1375 0.18125 0.178125
3 0.5125 0.7703125 0.2078125 0.2125
3 0.46796875 0.540625 0.2171875 0.2140625
2 0.365625 0.1625 0.178125 0.178125
2 0.39375 0.35078125 0.1765625 0.171875
2 0.2234375 0.36953125 0.1765625 0.171875
2 0.18671875 0.19375 0.178125 0.1796875
3 0.2828125 0.840625 0.228125 0.221875
3 0.22421875 0.56484375 0.2265625 0.215625
3 0.88671875 0.69140625 0.20625 0.2078125
3 0.8453125 0.4875 0.2015625 0.2078125
2 0.7140625 0.109375 0.171875 0.1703125
2 0.73125 0.28671875 0.1734375 0.1671875