2 0.7890625 0.65234375 0.15625 0.15625
2 0.43828125 0.6375 0.15625 0.146875
2 0.09921875 0.628125 0.159375 0.15
1 0.6203125 0.6203125 0.165625 0.159375
2 0.23828125 0.56953125 0.15625 0.14375
1 0.90390625 0.52109375 0.171875 0.1765625
2 0.73828125 0.51171875 0.15 0.153125
1 0.3796875 0.49453125 0.171875 0.171875
1 0.0640625 0.47578125 0.128125 0.1765625
1 0.5578125 0.4703125 0.1734375 0.1765625
2 0.19765625 0.4171875 0.165625 0.159375
1 0.6921875 0.35546875 0.171875 0.1875
2 0.465625 0.34375 0.159375 0.1578125
1 0.8796875 0.29296875 0.18125 0.184375
1 0.29140625 0.2859375 0.18125 0.203125
2 0.08984375 0.27578125 0.1625 0.165625
1 0.59921875 0.19765625 0.18125 0.1921875
2 0.42265625 0.17890625 0.15625 0.171875
2 0.7671875 0.15546875 0.171875 0.1765625
1 0.534375 0.90078125 0.165625 0.15
2 0.278125 0.89296875 0.15 0.1390625
1 0.40390625 0.81015625 0.165625 0.15625
1 0.121875 0.778125 0.16875 0.15625
2 0.70078125 0.76484375 0.15625 0.1453125
2 0.55234375 0.7515625 0.146875 0.14375
1 0.27265625 0.7109375 0.171875 0.159375