3 0.35078125 0.45 0.1921875 0.1890625
3 0.3765625 0.2484375 0.1859375 0.1828125
2 0.375 0.65 0.1578125 0.1515625
2 0.36171875 0.81484375 0.1640625 0.159375
3 0.5484375 0.25 0.184375 0.1890625
3 0.52890625 0.46875 0.1921875 0.1890625
2 0.52421875 0.8375 0.1578125 0.1578125
2 0.54765625 0.6609375 0.1578125 0.1515625
2 0.70546875 0.68671875 0.1578125 0.1546875
2 0.69296875 0.853125 0.1578125 0.159375
3 0.7734375 0.246875 0.2015625 0.196875
3 0.7546875 0.5109375 0.2015625 0.19375
3 0.19453125 0.225 0.184375 0.184375
3 0.1765625 0.4203125 0.1796875 0.1859375
2 0.19921875 0.79296875 0.1515625 0.1515625
2 0.228125 0.62890625 0.153125 0.1484375