2 0.46640625 0.1765625 0.16875 0.128125
2 0.70625 0.24296875 0.1703125 0.1296875
1 0.3375 0.2796875 0.2140625 0.1734375
1 0.546875 0.29375 0.2203125 0.1640625
2 0.12265625 0.32265625 0.1828125 0.1296875
2 0.8765625 0.38203125 0.1796875 0.140625
1 0.69609375 0.39609375 0.215625 0.16875
1 0.2859375 0.4234375 0.21875 0.16875
2 0.07265625 0.434375 0.1453125 0.128125
2 0.47578125 0.42265625 0.1765625 0.1296875
2 0.159375 0.5375 0.1921875 0.14375
1 0.59453125 0.53203125 0.23125 0.1734375
1 0.815625 0.528125 0.2265625 0.171875
1 0.3734375 0.56484375 0.221875 0.171875
1 0.5125 0.690625 0.23125 0.1796875
2 0.30390625 0.71015625 0.190625 0.1484375