2 0.7484375 0.45390625 0.1375 0.165625
2 0.64140625 0.25 0.1390625 0.1671875
3 0.684375 0.58984375 0.175 0.2171875
3 0.62578125 0.40625 0.1609375 0.20625
2 0.6890625 0.79453125 0.1375 0.1734375
2 0.48359375 0.121875 0.14375 0.16875
3 0.50625 0.2875 0.1671875 0.2140625
3 0.56171875 0.6640625 0.175 0.2171875
2 0.5953125 0.87734375 0.1421875 0.1765625
2 0.5234375 0.49140625 0.140625 0.1796875
2 0.4828125 0.80234375 0.146875 0.1875
3 0.4046875 0.4140625 0.1796875 0.2203125
3 0.36484375 0.20546875 0.18125 0.2234375
3 0.41953125 0.61328125 0.1765625 0.221875
3 0.27265625 0.5078125 0.19375 0.2328125
2 0.29296875 0.7015625 0.1640625 0.1921875