3 0.69765625 0.56015625 0.2125 0.19375
2 0.68359375 0.23984375 0.1671875 0.159375
2 0.646875 0.39296875 0.1671875 0.1515625
3 0.60078125 0.73046875 0.2015625 0.2
3 0.51328125 0.28125 0.203125 0.20625
2 0.5078125 0.8875 0.1671875 0.1625
2 0.48671875 0.4609375 0.171875 0.15625
2 0.4609375 0.6140625 0.171875 0.159375
2 0.40859375 0.7734375 0.15625 0.165625
3 0.30625 0.26015625 0.215625 0.2125
3 0.30625 0.4609375 0.21875 0.203125
3 0.26171875 0.6625 0.215625 0.215625
3 0.903125 0.565625 0.19375 0.19375
3 0.81640625 0.38984375 0.203125 0.203125
2 0.7984375 0.70390625 0.1625 0.1671875
2 0.734375 0.84453125 0.159375 0.1546875