2 0.5171875 0.79140625 0.1734375 0.1375
2 0.27421875 0.74296875 0.178125 0.140625
1 0.6390625 0.68046875 0.221875 0.1859375
1 0.4296875 0.68046875 0.23125 0.178125
2 0.85078125 0.62265625 0.190625 0.140625
2 0.09609375 0.615625 0.184375 0.1515625
1 0.27421875 0.5890625 0.225 0.18125
1 0.68046875 0.53203125 0.228125 0.1828125
2 0.90859375 0.5046875 0.1828125 0.140625
2 0.49140625 0.54609375 0.184375 0.140625
2 0.7984375 0.41015625 0.2015625 0.15625
1 0.36484375 0.446875 0.240625 0.1875
1 0.1453125 0.465625 0.2359375 0.1859375
1 0.58359375 0.39765625 0.23125 0.1859375
1 0.4359375 0.28203125 0.2421875 0.19375
2 0.640625 0.2484375 0.196875 0.1609375