2 0.203125 0.59765625 0.1515625 0.1515625
2 0.525 0.60625 0.1515625 0.14375
2 0.83515625 0.61875 0.15625 0.146875
1 0.359375 0.57890625 0.1625 0.1578125
2 0.7125 0.55625 0.1515625 0.140625
1 0.10625 0.4703125 0.1671875 0.1734375
2 0.25859375 0.471875 0.146875 0.15
1 0.5875 0.47890625 0.1671875 0.1671875
1 0.9046875 0.484375 0.1828125 0.1734375
1 0.4265625 0.4453125 0.1703125 0.1734375
2 0.75859375 0.4203125 0.1625 0.1578125
1 0.31015625 0.33203125 0.1671875 0.1828125
2 0.51875 0.33515625 0.15625 0.153125
1 0.14296875 0.2625 0.1765625 0.1796875
1 0.68125 0.29453125 0.178125 0.196875
2 0.86640625 0.296875 0.1609375 0.1625
1 0.40625 0.19375 0.178125 0.1875
2 0.56875 0.1875 0.153125 0.165625
2 0.2546875 0.14375 0.1671875 0.1734375
1 0.41953125 0.840625 0.1625 0.1484375
2 0.6546875 0.85 0.146875 0.1375
1 0.5453125 0.76640625 0.1625 0.153125
1 0.80546875 0.7546875 0.1640625 0.153125
2 0.2765625 0.70546875 0.1515625 0.140625
2 0.41328125 0.703125 0.14375 0.140625
1 0.67109375 0.684375 0.165625 0.1578125