2 0.49609375 0.696875 0.159375 0.165625
1 0.35390625 0.63984375 0.1875 0.1875
2 0.640625 0.659375 0.165625 0.165625
1 0.234375 0.528125 0.196875 0.1890625
1 0.48359375 0.5453125 0.178125 0.1859375
2 0.634375 0.5171875 0.165625 0.1671875
1 0.37890625 0.425 0.1875 0.1875
2 0.234375 0.36796875 0.165625 0.165625
2 0.74765625 0.434375 0.1625 0.159375
1 0.53359375 0.3921875 0.1828125 0.1828125
2 0.42578125 0.28203125 0.159375 0.159375
1 0.6703125 0.30859375 0.184375 0.184375
2 0.28828125 0.22734375 0.165625 0.1671875
1 0.55 0.19921875 0.184375 0.1859375
2 0.3875 0.79609375 0.165625 0.1625
1 0.6 0.80859375 0.18125 0.1875