3 0.4734375 0.64140625 0.2046875 0.20625
3 0.22578125 0.63671875 0.209375 0.209375
2 0.72734375 0.6234375 0.1640625 0.171875
2 0.90859375 0.61328125 0.171875 0.171875
3 0.4546875 0.43125 0.209375 0.2125
3 0.2109375 0.403125 0.2125 0.215625
2 0.70703125 0.39765625 0.171875 0.178125
2 0.89765625 0.3734375 0.178125 0.178125
3 0.14765625 0.16015625 0.2203125 0.2234375
3 0.434375 0.15859375 0.21875 0.23125
2 0.69453125 0.1265625 0.175 0.1828125
2 0.90234375 0.09453125 0.1765625 0.1890625
3 0.45546875 0.853125 0.20625 0.2015625
3 0.24765625 0.84921875 0.2 0.19375
2 0.75234375 0.8359375 0.1609375 0.1609375
2 0.921875 0.8171875 0.15625 0.1609375