3 0.5734375 0.3375 0.196875 0.1984375
3 0.7796875 0.3671875 0.1890625 0.19375
2 0.3671875 0.359375 0.1578125 0.1625
2 0.19921875 0.3421875 0.1640625 0.1703125
3 0.775 0.54375 0.196875 0.1921875
3 0.55078125 0.5203125 0.196875 0.1984375
2 0.1734375 0.5078125 0.1640625 0.1640625
2 0.353125 0.53515625 0.1578125 0.1625
2 0.325 0.69765625 0.1609375 0.1640625
2 0.153125 0.68125 0.1671875 0.1640625
3 0.77421875 0.7734375 0.203125 0.209375
3 0.50390625 0.75078125 0.2 0.209375
3 0.80625 0.18125 0.1921875 0.1921875
3 0.60625 0.159375 0.19375 0.1859375
2 0.22421875 0.1765625 0.15625 0.15625
2 0.3921875 0.2078125 0.15625 0.159375