3 0.6203125 0.36640625 0.221875 0.2234375
3 0.86875 0.3921875 0.2265625 0.2265625
2 0.36484375 0.3609375 0.178125 0.1859375
2 0.18359375 0.35390625 0.1859375 0.1859375
3 0.62265625 0.5765625 0.2265625 0.2296875
3 0.86015625 0.6234375 0.23125 0.2328125
2 0.36875 0.5859375 0.1875 0.1921875
2 0.17578125 0.59296875 0.19375 0.19375
3 0.8796875 0.871875 0.196875 0.2375
3 0.61640625 0.85078125 0.2375 0.25
2 0.35625 0.85703125 0.190625 0.196875
2 0.146875 0.87109375 0.19375 0.2015625
3 0.65546875 0.15390625 0.2234375 0.21875
3 0.865625 0.178125 0.215625 0.2109375
2 0.3609375 0.1453125 0.175 0.175
2 0.1859375 0.1484375 0.175 0.175