3 0.58671875 0.3328125 0.2046875 0.2078125
3 0.81015625 0.36015625 0.209375 0.209375
2 0.35390625 0.32421875 0.165625 0.1703125
2 0.1890625 0.3171875 0.171875 0.171875
3 0.58359375 0.52421875 0.209375 0.2125
3 0.8015625 0.5734375 0.2125 0.215625
2 0.3515625 0.53125 0.171875 0.178125
2 0.17578125 0.53515625 0.178125 0.178125
3 0.83515625 0.8 0.2203125 0.2234375
3 0.57578125 0.77421875 0.21875 0.23125
2 0.33671875 0.778125 0.1765625 0.18125
2 0.14453125 0.7875 0.1796875 0.1875
3 0.62265625 0.1421875 0.2078125 0.203125
3 0.8109375 0.165625 0.1984375 0.1953125
2 0.35234375 0.1296875 0.1609375 0.1609375
2 0.19375 0.1296875 0.1609375 0.1609375