3 0.37578125 0.61640625 0.2203125 0.21875
2 0.6921875 0.62421875 0.178125 0.178125
2 0.89921875 0.62890625 0.1921875 0.1859375
3 0.1640625 0.3921875 0.2203125 0.2234375
3 0.41640625 0.415625 0.2203125 0.2234375
2 0.69609375 0.4140625 0.19375 0.1859375
2 0.9078125 0.3984375 0.184375 0.1875
3 0.17578125 0.1515625 0.2265625 0.2265625
3 0.421875 0.17734375 0.234375 0.2421875
2 0.69609375 0.1515625 0.1890625 0.196875
2 0.915625 0.16015625 0.16875 0.2015625
3 0.1421875 0.80625 0.2140625 0.203125
3 0.36953125 0.8265625 0.209375 0.20625
2 0.8875 0.84140625 0.1734375 0.178125
2 0.66875 0.81015625 0.175 0.1734375
3 0.1625 0.6140625 0.21875 0.2140625