2 0.4828125 0.721875 0.146875 0.153125
1 0.6359375 0.68671875 0.175 0.175
2 0.34140625 0.66015625 0.153125 0.153125
1 0.775 0.59296875 0.18125 0.175
1 0.51953125 0.56953125 0.1625 0.175
2 0.371875 0.51796875 0.153125 0.15625
1 0.6453125 0.46484375 0.175 0.175
2 0.80078125 0.43046875 0.153125 0.153125
2 0.2703125 0.415625 0.15 0.146875
1 0.49375 0.40625 0.16875 0.16875
2 0.62109375 0.3125 0.146875 0.146875
1 0.36796875 0.3 0.171875 0.16875
2 0.76875 0.27890625 0.153125 0.15625
1 0.5078125 0.20859375 0.16875 0.175
2 0.5765625 0.83984375 0.153125 0.15
1 0.359375 0.81875 0.165625 0.175