2 0.15234375 0.55 0.178125 0.165625
3 0.5078125 0.60234375 0.2171875 0.2171875
3 0.33828125 0.52734375 0.209375 0.215625
2 0.67578125 0.53671875 0.1796875 0.171875
2 0.13984375 0.4125 0.16875 0.1640625
2 0.5546875 0.4484375 0.1734375 0.1734375
3 0.2828125 0.35078125 0.2140625 0.221875
2 0.68125 0.36015625 0.1796875 0.2046875
3 0.4609375 0.30234375 0.2140625 0.225
2 0.296875 0.17890625 0.1765625 0.1890625
2 0.80625 0.26015625 0.190625 0.196875
3 0.62109375 0.19609375 0.228125 0.240625
3 0.43984375 0.10234375 0.2265625 0.2046875
2 0.4171875 0.7328125 0.16875 0.1609375
3 0.2625 0.690625 0.209375 0.2015625
3 0.66796875 0.70390625 0.221875 0.2125