2 0.628125 0.78125 0.14375 0.159375
3 0.59375 0.43828125 0.1921875 0.1921875
3 0.5625 0.61484375 0.190625 0.184375
2 0.49375 0.29765625 0.15 0.159375
2 0.50234375 0.82578125 0.14375 0.15
2 0.440625 0.43125 0.1546875 0.1546875
3 0.41171875 0.70703125 0.196875 0.1875
2 0.328125 0.334375 0.184375 0.1578125
3 0.32578125 0.55234375 0.203125 0.1875
2 0.2484375 0.7328125 0.16875 0.15625
2 0.20625 0.23984375 0.1765625 0.165625
3 0.18984375 0.42734375 0.2125 0.2015625
3 0.128125 0.621875 0.2125 0.1984375
2 0.7359375 0.49375 0.1421875 0.15
3 0.73359375 0.646875 0.178125 0.1859375
3 0.6515625 0.26640625 0.1875 0.196875