3 0.67890625 0.45390625 0.203125 0.203125
3 0.70859375 0.66875 0.196875 0.209375
2 0.59453125 0.25703125 0.16875 0.16875
2 0.5609375 0.08828125 0.165625 0.1703125
3 0.5359375 0.7140625 0.2046875 0.2125
3 0.49453125 0.4796875 0.2109375 0.2109375
2 0.39609375 0.09453125 0.16875 0.16875
2 0.41484375 0.284375 0.1734375 0.1765625
2 0.2453125 0.296875 0.184375 0.1796875
2 0.21328125 0.11953125 0.178125 0.18125
3 0.2953125 0.7921875 0.234375 0.2296875
3 0.24765625 0.49609375 0.2296875 0.2203125
3 0.89453125 0.6359375 0.1828125 0.20625
3 0.853125 0.4359375 0.1875 0.1953125
2 0.7234375 0.07734375 0.15625 0.1546875
2 0.746875 0.23984375 0.1546875 0.1625