1 0.640625 0.328125 0.2046875 0.2
2 0.58828125 0.76171875 0.18125 0.1984375
2 0.5296875 0.44375 0.1703125 0.1734375
2 0.5359375 0.190625 0.16875 0.16875
1 0.446875 0.66015625 0.2046875 0.209375
1 0.40546875 0.33046875 0.209375 0.2
1 0.34375 0.8140625 0.2046875 0.20625
1 0.3703125 0.5 0.2125 0.20625
2 0.3734375 0.165625 0.178125 0.1703125
2 0.27421875 0.64453125 0.1828125 0.1796875
1 0.2234375 0.340625 0.19375 0.1953125
1 0.178125 0.5125 0.2 0.196875
2 0.0671875 0.41328125 0.134375 0.1734375
1 0.74921875 0.70078125 0.20625 0.209375
2 0.75546875 0.45 0.1796875 0.1796875
2 0.63828125 0.55703125 0.1828125 0.1796875