1 0.596875 0.4140625 0.1453125 0.140625
1 0.56640625 0.209375 0.15 0.1453125
1 0.59453125 0.62578125 0.1484375 0.14375
1 0.60625 0.771875 0.1453125 0.14375
2 0.3890625 0.21875 0.1328125 0.128125
2 0.41875 0.7546875 0.1296875 0.128125
2 0.3953125 0.4203125 0.1328125 0.128125
2 0.39375 0.57578125 0.1296875 0.128125
2 0.25234375 0.4515625 0.1328125 0.128125
2 0.27421875 0.76796875 0.128125 0.128125
2 0.24765625 0.609375 0.128125 0.1234375
2 0.2140625 0.24453125 0.1328125 0.128125
1 0.75078125 0.2203125 0.15 0.1453125
1 0.73515625 0.41796875 0.140625 0.1453125
1 0.7484375 0.7453125 0.1453125 0.140625
1 0.73828125 0.6078125 0.1453125 0.14375