1 0.33203125 0.365625 0.165625 0.1609375
2 0.34296875 0.7484375 0.1484375 0.1609375
2 0.41953125 0.47578125 0.1375 0.140625
2 0.434375 0.25390625 0.1375 0.1375
1 0.4734375 0.67109375 0.165625 0.171875
1 0.53671875 0.38515625 0.171875 0.1609375
1 0.55390625 0.81328125 0.165625 0.16875
1 0.5546875 0.53671875 0.1734375 0.165625
2 0.57578125 0.24375 0.146875 0.1375
2 0.62578125 0.67109375 0.1484375 0.146875
1 0.69296875 0.40859375 0.15625 0.159375
1 0.71953125 0.5625 0.1609375 0.159375
2 0.84765625 0.484375 0.1484375 0.14375
1 0.20859375 0.68203125 0.16875 0.1734375
2 0.21953125 0.46484375 0.146875 0.1484375
2 0.31328125 0.565625 0.1484375 0.146875