3 0.28515625 0.653125 0.2046875 0.203125
2 0.84453125 0.54140625 0.1734375 0.18125
3 0.49921875 0.58828125 0.2 0.203125
2 0.66484375 0.5609375 0.171875 0.159375
3 0.24296875 0.48515625 0.2046875 0.2015625
2 0.81484375 0.3546875 0.1703125 0.1671875
3 0.4359375 0.41328125 0.2 0.2015625
2 0.64453125 0.36484375 0.1640625 0.1609375
3 0.203125 0.24765625 0.1953125 0.2078125
3 0.39609375 0.20625 0.196875 0.209375
2 0.61015625 0.16953125 0.159375 0.1671875
2 0.778125 0.14296875 0.15625 0.165625
3 0.521875 0.81328125 0.20625 0.2140625
3 0.3109375 0.83671875 0.2046875 0.2046875
2 0.6984375 0.7359375 0.171875 0.171875
2 0.86796875 0.69921875 0.16875 0.171875