1 0.7046875 0.55625 0.209375 0.2046875
2 0.61875 0.1453125 0.1875 0.2015625
2 0.58984375 0.45390625 0.175 0.1796875
2 0.61640625 0.696875 0.1734375 0.1734375
1 0.49140625 0.2546875 0.2109375 0.215625
1 0.48046875 0.57421875 0.215625 0.20625
1 0.38046875 0.11484375 0.2109375 0.2125
1 0.43203125 0.41484375 0.21875 0.2109375
2 0.4625 0.734375 0.1828125 0.175
2 0.328125 0.28359375 0.1875 0.1859375
1 0.3046875 0.57890625 0.2 0.2
1 0.246875 0.41875 0.2046875 0.2015625
2 0.1265625 0.5265625 0.1875 0.184375
1 0.778125 0.18984375 0.2140625 0.2171875
2 0.8046875 0.4296875 0.184375 0.184375
2 0.684375 0.3375 0.1875 0.1859375