3 0.234375 0.31796875 0.1796875 0.1875
3 0.434375 0.3328125 0.1828125 0.1828125
2 0.8234375 0.384375 0.146875 0.153125
2 0.6359375 0.38671875 0.1515625 0.146875
3 0.22734375 0.51015625 0.1828125 0.1875
3 0.43125 0.5234375 0.1875 0.190625
2 0.63359375 0.55546875 0.1546875 0.1515625
2 0.81328125 0.58125 0.1609375 0.1625
3 0.20859375 0.71796875 0.1859375 0.1921875
3 0.4078125 0.73125 0.1828125 0.196875
2 0.6078125 0.746875 0.1578125 0.1515625
2 0.80625 0.76640625 0.1609375 0.1625
3 0.26171875 0.13203125 0.1765625 0.175
3 0.44453125 0.1484375 0.1796875 0.1828125
2 0.6609375 0.190625 0.146875 0.146875
2 0.82578125 0.21328125 0.153125 0.146875