1 0.60703125 0.3921875 0.125 0.1296875
1 0.803125 0.40546875 0.1296875 0.1359375
1 0.4078125 0.4109375 0.128125 0.1328125
1 0.26953125 0.41484375 0.128125 0.1296875
2 0.80859375 0.57109375 0.115625 0.1203125
2 0.30078125 0.5859375 0.115625 0.1171875
2 0.61796875 0.58203125 0.115625 0.1203125
2 0.471875 0.59609375 0.115625 0.1171875
2 0.60078125 0.71875 0.115625 0.1203125
2 0.30078125 0.72578125 0.115625 0.115625
2 0.4515625 0.73828125 0.1109375 0.115625
2 0.7984375 0.73671875 0.115625 0.1203125
1 0.77734375 0.23046875 0.1296875 0.1359375
1 0.59296875 0.26328125 0.1296875 0.125
1 0.28359375 0.2765625 0.125 0.1296875
1 0.41328125 0.27421875 0.128125 0.1296875