2 0.12578125 0.63203125 0.175 0.1671875
1 0.47578125 0.68046875 0.1953125 0.1953125
2 0.73203125 0.68671875 0.1765625 0.171875
2 0.88515625 0.7078125 0.175 0.16875
2 0.2640625 0.57734375 0.1796875 0.178125
1 0.415625 0.53515625 0.1984375 0.1953125
2 0.13125 0.4765625 0.1875 0.184375
2 0.56953125 0.55078125 0.1828125 0.171875
1 0.72890625 0.53515625 0.1953125 0.1953125
1 0.89765625 0.553125 0.2046875 0.203125
1 0.284375 0.42109375 0.20625 0.196875
1 0.50390625 0.38515625 0.2078125 0.203125
2 0.66796875 0.39140625 0.1875 0.184375
1 0.20703125 0.2578125 0.215625 0.209375
2 0.3765625 0.2796875 0.184375 0.1875
1 0.85078125 0.3546875 0.209375 0.2125
1 0.659375 0.221875 0.215625 0.225
2 0.31796875 0.12265625 0.1859375 0.2
1 0.4921875 0.1453125 0.2078125 0.2234375
1 0.275 0.88984375 0.184375 0.1796875
2 0.56484375 0.89765625 0.1671875 0.1546875
1 0.42890625 0.8390625 0.1875 0.18125
2 0.17578125 0.7734375 0.1671875 0.153125
2 0.73203125 0.82421875 0.16875 0.1625
1 0.31953125 0.71953125 0.190625 0.1890625
2 0.603125 0.7609375 0.16875 0.165625