3 0.54921875 0.340625 0.21875 0.2203125
3 0.78359375 0.31171875 0.221875 0.221875
2 0.3140625 0.390625 0.1765625 0.1828125
2 0.14609375 0.421875 0.1828125 0.1828125
3 0.596875 0.53359375 0.2234375 0.225
3 0.82578125 0.52578125 0.2265625 0.2296875
2 0.36484375 0.5953125 0.184375 0.1875
2 0.18984375 0.64375 0.1890625 0.1890625
3 0.89921875 0.746875 0.2015625 0.2375
3 0.64921875 0.78671875 0.234375 0.2453125
2 0.41171875 0.8484375 0.1875 0.19375
2 0.2203125 0.903125 0.190625 0.19375
3 0.5375 0.1375 0.2203125 0.215625
3 0.73515625 0.115625 0.2109375 0.2078125
2 0.2640625 0.1921875 0.1734375 0.1734375
2 0.10390625 0.2328125 0.1734375 0.1734375