2 0.55234375 0.575 0.1578125 0.153125
2 0.52578125 0.75390625 0.1546875 0.1515625
2 0.5671875 0.39609375 0.16875 0.159375
2 0.58359375 0.19140625 0.159375 0.159375
1 0.32109375 0.725 0.171875 0.1703125
1 0.34453125 0.5453125 0.1703125 0.171875
1 0.3671875 0.35234375 0.1703125 0.1734375
1 0.39296875 0.1375 0.178125 0.178125
1 0.1359375 0.69140625 0.165625 0.159375
1 0.20078125 0.0984375 0.1796875 0.178125
1 0.16328125 0.3265625 0.1765625 0.1859375
1 0.1296875 0.53203125 0.175 0.178125
2 0.78046875 0.403125 0.1609375 0.159375
2 0.725 0.78671875 0.1625 0.1546875
2 0.8 0.190625 0.165625 0.1609375
2 0.73046875 0.578125 0.1640625 0.153125