2 0.7640625 0.3953125 0.1640625 0.165625
2 0.35390625 0.3671875 0.15625 0.165625
2 0.5390625 0.3859375 0.15625 0.15625
2 0.15625 0.36484375 0.15 0.1578125
1 0.771875 0.62890625 0.178125 0.171875
1 0.1265625 0.59296875 0.178125 0.1734375
1 0.55625 0.63828125 0.1703125 0.1828125
1 0.35078125 0.64140625 0.1671875 0.171875
1 0.7703125 0.846875 0.1703125 0.1890625
1 0.11015625 0.80234375 0.1734375 0.1828125
1 0.54921875 0.8484375 0.1734375 0.1734375
1 0.33203125 0.8328125 0.1671875 0.171875
2 0.77734375 0.2125 0.153125 0.1546875
2 0.55703125 0.21953125 0.15625 0.165625
2 0.17734375 0.19140625 0.15 0.1640625
2 0.378125 0.2140625 0.1625 0.1625