3 0.5515625 0.30546875 0.215625 0.21875
3 0.77578125 0.3453125 0.20625 0.2109375
2 0.3328125 0.32578125 0.1734375 0.178125
2 0.15078125 0.30546875 0.178125 0.1828125
3 0.7640625 0.534375 0.2140625 0.209375
3 0.5234375 0.5046875 0.215625 0.21875
2 0.12109375 0.48515625 0.178125 0.178125
2 0.31328125 0.51796875 0.1734375 0.178125
2 0.278125 0.69140625 0.1734375 0.178125
2 0.09296875 0.67109375 0.1796875 0.178125
3 0.759375 0.78203125 0.221875 0.228125
3 0.4703125 0.75234375 0.2171875 0.228125
3 0.80546875 0.1421875 0.2078125 0.2078125
3 0.5921875 0.11796875 0.2078125 0.203125
2 0.1796875 0.12578125 0.1734375 0.1734375
2 0.359375 0.16640625 0.1703125 0.1734375