3 0.659375 0.57734375 0.1984375 0.1984375
3 0.603125 0.4109375 0.184375 0.196875
2 0.5859375 0.73359375 0.1578125 0.1625
2 0.49921875 0.20703125 0.1546875 0.159375
2 0.509375 0.61171875 0.1609375 0.165625
3 0.4375 0.34609375 0.2 0.1953125
2 0.4234375 0.72734375 0.159375 0.171875
3 0.3875 0.5140625 0.2 0.2015625
2 0.2765625 0.34453125 0.165625 0.1609375
2 0.3171875 0.83984375 0.165625 0.1671875
3 0.26796875 0.66484375 0.215625 0.21875
3 0.1765625 0.47890625 0.2171875 0.215625
2 0.78828125 0.49609375 0.146875 0.15625
3 0.75546875 0.3484375 0.1875 0.184375
3 0.7453125 0.73203125 0.190625 0.20625
2 0.634375 0.23125 0.146875 0.15