3 0.83125 0.37109375 0.228125 0.221875
3 0.61015625 0.33828125 0.2265625 0.225
2 0.1828125 0.3046875 0.1828125 0.1875
2 0.378125 0.34765625 0.178125 0.178125
3 0.78984375 0.58046875 0.2359375 0.23125
3 0.5640625 0.55078125 0.228125 0.225
2 0.3453125 0.52890625 0.1828125 0.1828125
2 0.14609375 0.5109375 0.1859375 0.1828125
3 0.540625 0.76875 0.234375 0.2296875
2 0.325 0.740625 0.18125 0.1828125
3 0.76328125 0.8140625 0.21875 0.2265625
2 0.1046875 0.715625 0.1875 0.1828125
3 0.83671875 0.1671875 0.2171875 0.2140625
3 0.63828125 0.14296875 0.221875 0.221875
2 0.4 0.1328125 0.175 0.1703125
2 0.21484375 0.11640625 0.1859375 0.1796875