2 0.6171875 0.2109375 0.1515625 0.1546875
2 0.60546875 0.071875 0.1546875 0.14375
2 0.59921875 0.68515625 0.1484375 0.1625
1 0.5265625 0.553125 0.1703125 0.175
2 0.5140625 0.4 0.1578125 0.159375
2 0.52734375 0.83671875 0.1578125 0.1640625
1 0.4734375 0.246875 0.1703125 0.1703125
1 0.4546875 0.08359375 0.175 0.1671875
1 0.4421875 0.696875 0.18125 0.18125
1 0.3734375 0.490625 0.171875 0.1796875
2 0.34453125 0.33359375 0.159375 0.1578125
1 0.2703125 0.159375 0.1875 0.190625
2 0.29375 0.63671875 0.1625 0.1640625
1 0.30078125 0.80390625 0.1875 0.1875
1 0.17890625 0.375 0.203125 0.1875
1 0.14140625 0.55 0.196875 0.1875
2 0.146875 0.72265625 0.1796875 0.171875
1 0.89453125 0.61875 0.159375 0.1703125
2 0.84453125 0.334375 0.14375 0.15
1 0.81484375 0.478125 0.1578125 0.1640625
2 0.80078125 0.728125 0.1390625 0.153125
2 0.74765625 0.1859375 0.1390625 0.153125
2 0.7109375 0.32421875 0.1484375 0.1484375
1 0.72578125 0.60703125 0.159375 0.1671875
1 0.6578125 0.4625 0.1640625 0.175
2 0.67578125 0.80546875 0.1484375 0.159375