2 0.23125 0.6296875 0.1328125 0.1265625
2 0.4390625 0.64453125 0.1140625 0.11875
3 0.65234375 0.64140625 0.1359375 0.1375
2 0.3578125 0.58203125 0.1203125 0.1203125
2 0.56484375 0.57421875 0.109375 0.1125
2 0.2578125 0.5265625 0.125 0.125
3 0.4640625 0.52890625 0.140625 0.140625
2 0.703125 0.540625 0.103125 0.1078125
3 0.36015625 0.45625 0.146875 0.146875
3 0.56171875 0.44765625 0.1375 0.140625
3 0.67890625 0.43515625 0.1265625 0.1390625
2 0.29609375 0.35234375 0.1265625 0.125
2 0.4796875 0.37109375 0.1140625 0.11875
3 0.6046875 0.32578125 0.1375 0.1453125
3 0.42265625 0.2640625 0.15 0.159375
3 0.53828125 0.68515625 0.1359375 0.15