2 0.6265625 0.146875 0.14375 0.15625
1 0.63984375 0.484375 0.1734375 0.1734375
2 0.61796875 0.72890625 0.15 0.15625
2 0.621875 0.87734375 0.146875 0.15625
2 0.5625 0.27265625 0.15625 0.1578125
1 0.50390625 0.41171875 0.1734375 0.175
2 0.4796875 0.1359375 0.1609375 0.165625
2 0.50625 0.5609375 0.1515625 0.1625
1 0.4734375 0.7109375 0.1734375 0.1734375
1 0.4734375 0.87578125 0.1765625 0.1828125
1 0.40859375 0.2765625 0.1734375 0.1828125
1 0.35546875 0.48125 0.1765625 0.1828125
2 0.3453125 0.63828125 0.1609375 0.165625
1 0.2609375 0.1859375 0.184375 0.190625
2 0.26484375 0.35 0.165625 0.1609375
1 0.2890625 0.81015625 0.1890625 0.184375
1 0.18125 0.6140625 0.2 0.190625
2 0.121875 0.278125 0.175 0.1609375
1 0.128125 0.44609375 0.1984375 0.18125
1 0.859375 0.3140625 0.159375 0.1625
2 0.8375 0.59140625 0.134375 0.1484375
1 0.79609375 0.45546875 0.159375 0.165625
2 0.75625 0.2078125 0.134375 0.1484375
2 0.75078125 0.74296875 0.1421875 0.15
1 0.6921875 0.3390625 0.1671875 0.1703125
2 0.70390625 0.61328125 0.14375 0.15