3 0.32734375 0.41640625 0.2015625 0.2046875
2 0.3890625 0.6953125 0.165625 0.165625
2 0.4296875 0.8765625 0.171875 0.1765625
3 0.475 0.1828125 0.2046875 0.2046875
3 0.5109375 0.41015625 0.20625 0.2046875
2 0.5734375 0.65390625 0.171875 0.1796875
2 0.63359375 0.840625 0.1734375 0.184375
3 0.6890625 0.14375 0.2078125 0.2078125
3 0.71953125 0.3609375 0.225 0.2171875
2 0.8015625 0.59453125 0.18125 0.1734375
2 0.8453125 0.80078125 0.1859375 0.1828125
3 0.11015625 0.25390625 0.1890625 0.196875
3 0.14296875 0.45625 0.190625 0.19375
2 0.24296875 0.91484375 0.1671875 0.1703125
2 0.22265625 0.7140625 0.159375 0.159375
3 0.28359375 0.2296875 0.196875 0.203125