3 0.55625 0.33828125 0.2125 0.228125
2 0.25625 0.29921875 0.175 0.18125
2 0.3921875 0.35859375 0.16875 0.1796875
3 0.6984375 0.45390625 0.2171875 0.2203125
3 0.26796875 0.4640625 0.2234375 0.2234375
2 0.82890625 0.56484375 0.178125 0.18125
2 0.4296875 0.51796875 0.1734375 0.1859375
2 0.5671875 0.5640625 0.1765625 0.1859375
2 0.70703125 0.6390625 0.1796875 0.171875
3 0.21484375 0.65 0.2328125 0.234375
3 0.40078125 0.68203125 0.225 0.2359375
3 0.5796875 0.759375 0.2359375 0.2359375
3 0.59609375 0.14140625 0.2125 0.2203125
3 0.41875 0.19765625 0.221875 0.221875
2 0.70546875 0.26875 0.18125 0.178125
2 0.825 0.35078125 0.16875 0.1734375