3 0.665625 0.5171875 0.19375 0.19375
3 0.64296875 0.73203125 0.184375 0.196875
2 0.63203125 0.3078125 0.159375 0.159375
2 0.63984375 0.1375 0.15625 0.1609375
3 0.46640625 0.734375 0.19375 0.2015625
3 0.48203125 0.4984375 0.196875 0.196875
2 0.4796875 0.10390625 0.159375 0.159375
2 0.453125 0.290625 0.1625 0.165625
2 0.2859375 0.26171875 0.175 0.1703125
2 0.29765625 0.084375 0.1671875 0.16875
3 0.215625 0.7515625 0.2234375 0.215625
3 0.23984375 0.45546875 0.21875 0.2078125
3 0.83125 0.74609375 0.171875 0.1953125
3 0.8390625 0.54296875 0.1765625 0.1859375
2 0.8015625 0.16171875 0.146875 0.1546875
2 0.78359375 0.32734375 0.1453125 0.1546875