2 0.4203125 0.5703125 0.140625 0.1453125
2 0.2375 0.5734375 0.140625 0.140625
2 0.60234375 0.55703125 0.1453125 0.15625
2 0.81015625 0.54296875 0.1453125 0.1453125
1 0.23359375 0.3625 0.15625 0.15625
1 0.41796875 0.35703125 0.1578125 0.15625
1 0.6140625 0.35078125 0.159375 0.15625
1 0.8328125 0.3421875 0.159375 0.159375
1 0.23828125 0.171875 0.1453125 0.15
1 0.84375 0.14375 0.159375 0.165625
1 0.6078125 0.140625 0.1703125 0.159375
1 0.39453125 0.13828125 0.159375 0.159375
2 0.62890625 0.7703125 0.1453125 0.146875
2 0.2359375 0.7765625 0.140625 0.15
2 0.84453125 0.75625 0.1453125 0.153125
2 0.44609375 0.75078125 0.140625 0.153125