2 0.80625 0.371875 0.1625 0.1625
2 0.46875 0.35625 0.1609375 0.153125
2 0.14140625 0.33671875 0.1671875 0.15625
1 0.64140625 0.38828125 0.171875 0.16875
2 0.2703125 0.4046875 0.1609375 0.1515625
1 0.90546875 0.509375 0.1796875 0.184375
2 0.7453125 0.5046875 0.15625 0.159375
1 0.39921875 0.49140625 0.1796875 0.1796875
1 0.08203125 0.47890625 0.1640625 0.1828125
1 0.56875 0.5265625 0.18125 0.184375
2 0.21875 0.55078125 0.171875 0.16875
1 0.68828125 0.6515625 0.18125 0.1953125
2 0.46953125 0.64296875 0.1671875 0.165625
1 0.86328125 0.725 0.190625 0.1921875
1 0.29765625 0.68125 0.1921875 0.2109375
2 0.103125 0.675 0.1703125 0.171875
1 0.5859375 0.7921875 0.190625 0.2
2 0.4140625 0.79765625 0.1640625 0.178125
2 0.74375 0.84765625 0.1796875 0.184375
1 0.58359375 0.1109375 0.171875 0.1578125
2 0.3359375 0.1 0.1546875 0.146875
1 0.44921875 0.190625 0.171875 0.1640625
1 0.17421875 0.196875 0.171875 0.1640625
2 0.73046875 0.25703125 0.1609375 0.1515625
2 0.58671875 0.259375 0.1515625 0.1515625
1 0.315625 0.27109375 0.178125 0.16875