2 0.5609375 0.56171875 0.1359375 0.13125
2 0.5640625 0.73515625 0.13125 0.13125
2 0.54921875 0.38828125 0.1453125 0.1375
2 0.53515625 0.19140625 0.1359375 0.1359375
1 0.36484375 0.73828125 0.146875 0.146875
1 0.35859375 0.56328125 0.146875 0.15
1 0.353125 0.37734375 0.1484375 0.153125
1 0.3453125 0.1703125 0.153125 0.153125
1 0.184375 0.73359375 0.140625 0.1375
1 0.15703125 0.16015625 0.15625 0.153125
1 0.15390625 0.38359375 0.153125 0.1625
1 0.153125 0.5859375 0.153125 0.153125
2 0.7515625 0.36328125 0.1390625 0.1375
2 0.75625 0.7359375 0.140625 0.1328125
2 0.7375 0.159375 0.14375 0.1375
2 0.7328125 0.53671875 0.14375 0.1328125