3 0.40546875 0.4171875 0.2375 0.2390625
2 0.47734375 0.08515625 0.1828125 0.1703125
2 0.47421875 0.25 0.190625 0.184375
2 0.39296875 0.7546875 0.1859375 0.19375
2 0.43203125 0.58515625 0.1796875 0.1828125
3 0.62890625 0.16328125 0.2375 0.2421875
3 0.5953125 0.37421875 0.2375 0.2421875
3 0.56328125 0.7375 0.2359375 0.24375
2 0.59609375 0.55703125 0.2 0.2078125
2 0.7796875 0.28046875 0.203125 0.19375
3 0.7671875 0.47734375 0.2375 0.2421875
3 0.76875 0.69375 0.2484375 0.2390625
2 0.253125 0.31640625 0.1828125 0.1796875
2 0.2328125 0.47265625 0.1796875 0.184375
3 0.32734375 0.1609375 0.2203125 0.234375
3 0.246875 0.64765625 0.2359375 0.234375