3 0.46640625 0.3171875 0.209375 0.209375
3 0.69453125 0.29375 0.2140625 0.2015625
2 0.25703125 0.39921875 0.171875 0.171875
2 0.0828125 0.42734375 0.165625 0.1703125
3 0.73671875 0.4765625 0.221875 0.2109375
3 0.4875 0.5125 0.215625 0.215625
2 0.0828125 0.6015625 0.1640625 0.171875
2 0.27890625 0.58828125 0.18125 0.178125
2 0.28515625 0.76875 0.1859375 0.190625
2 0.10703125 0.7953125 0.1671875 0.1796875
3 0.809375 0.73359375 0.234375 0.2421875
3 0.49609375 0.7734375 0.2265625 0.2390625
3 0.6671875 0.0953125 0.2125 0.1875
3 0.4546875 0.1328125 0.203125 0.1921875
2 0.07578125 0.25546875 0.1515625 0.1609375
2 0.24375 0.23828125 0.1671875 0.1578125