3 0.3515625 0.5265625 0.2 0.20625
3 0.3390625 0.75234375 0.19375 0.20625
2 0.415625 0.32421875 0.1578125 0.165625
2 0.43125 0.14453125 0.1671875 0.175
3 0.52421875 0.7890625 0.1953125 0.221875
3 0.54375 0.5421875 0.20625 0.19375
2 0.6078125 0.1515625 0.1734375 0.1703125
2 0.59921875 0.34765625 0.1734375 0.1671875
2 0.771875 0.346875 0.1734375 0.1671875
2 0.79140625 0.1703125 0.1765625 0.1828125
3 0.7578125 0.825 0.2140625 0.2203125
3 0.78828125 0.54609375 0.21875 0.2109375
3 0.15625 0.525 0.190625 0.19375
3 0.14453125 0.73203125 0.19375 0.1921875
2 0.25546875 0.13671875 0.1625 0.159375
2 0.25546875 0.3203125 0.1484375 0.1625