1 0.6140625 0.41484375 0.1375 0.1421875
1 0.80546875 0.45546875 0.14375 0.146875
1 0.41640625 0.40625 0.140625 0.1453125
1 0.27890625 0.390625 0.1390625 0.1421875
2 0.78828125 0.61953125 0.1265625 0.13125
2 0.2859375 0.5640625 0.125 0.128125
2 0.59921875 0.60390625 0.1265625 0.13125
2 0.453125 0.59765625 0.125 0.128125
2 0.56328125 0.7359375 0.1265625 0.13125
2 0.26640625 0.70234375 0.125 0.125
2 0.4140625 0.73515625 0.121875 0.125
2 0.75546875 0.78203125 0.1265625 0.13125
1 0.8046875 0.27890625 0.14375 0.146875
1 0.61796875 0.2859375 0.1421875 0.1375
1 0.31171875 0.25546875 0.1375 0.1421875
1 0.43984375 0.27109375 0.1390625 0.1421875