3 0.165625 0.3546875 0.19375 0.203125
3 0.38984375 0.35625 0.196875 0.196875
2 0.828125 0.384375 0.159375 0.1640625
2 0.61953125 0.40078125 0.1640625 0.159375
3 0.17578125 0.56875 0.196875 0.2046875
3 0.40234375 0.5703125 0.203125 0.2046875
2 0.63203125 0.5890625 0.1671875 0.1640625
2 0.83515625 0.6046875 0.175 0.175
3 0.17109375 0.80546875 0.2 0.209375
3 0.3921875 0.80234375 0.196875 0.2125
2 0.615625 0.80390625 0.1703125 0.1640625
2 0.8390625 0.8109375 0.175 0.175
3 0.18203125 0.146875 0.190625 0.1890625
3 0.3875 0.14921875 0.19375 0.196875
2 0.63125 0.18046875 0.159375 0.159375
2 0.81953125 0.19375 0.1640625 0.159375