2 0.253125 0.321875 0.125 0.1171875
2 0.4703125 0.340625 0.1078125 0.1125
3 0.690625 0.38125 0.1265625 0.1296875
2 0.37578125 0.3921875 0.1125 0.1125
2 0.58984375 0.43359375 0.1015625 0.1078125
2 0.26484375 0.43359375 0.1171875 0.1171875
3 0.478125 0.4671875 0.1328125 0.1328125
2 0.72578125 0.49140625 0.096875 0.1015625
3 0.35859375 0.52265625 0.1390625 0.1390625
3 0.565625 0.56640625 0.1296875 0.1328125
3 0.684375 0.59609375 0.1171875 0.1328125
2 0.275 0.621875 0.1203125 0.1171875
2 0.4671875 0.63203125 0.1078125 0.1125
3 0.58984375 0.69765625 0.128125 0.1375
3 0.3921875 0.73359375 0.140625 0.1515625
3 0.5796875 0.31796875 0.1265625 0.1421875