3 0.740625 0.29453125 0.2109375 0.209375
2 0.1234375 0.37421875 0.1765625 0.1890625
3 0.503125 0.35 0.20625 0.2109375
2 0.3203125 0.36640625 0.178125 0.1640625
3 0.7734375 0.48125 0.2109375 0.20625
2 0.14140625 0.58046875 0.175 0.171875
3 0.55859375 0.5453125 0.20625 0.209375
2 0.3265625 0.58203125 0.1703125 0.1671875
3 0.8 0.74375 0.2015625 0.215625
3 0.58671875 0.7734375 0.2015625 0.215625
2 0.35 0.79765625 0.1640625 0.171875
2 0.1640625 0.8140625 0.1609375 0.171875
3 0.4953125 0.10625 0.2125 0.2125
3 0.72578125 0.09921875 0.2109375 0.1984375
2 0.296875 0.17421875 0.1765625 0.1765625
2 0.11015625 0.2015625 0.1734375 0.175