3 0.3921875 0.3671875 0.203125 0.1890625
3 0.37421875 0.178125 0.2 0.1953125
3 0.4578125 0.75390625 0.2078125 0.209375
3 0.43671875 0.54375 0.19375 0.19375
2 0.69609375 0.7640625 0.1734375 0.1734375
2 0.68125 0.5359375 0.165625 0.165625
2 0.6421875 0.18359375 0.1609375 0.15625
2 0.67421875 0.34921875 0.165625 0.1609375
2 0.89921875 0.73828125 0.1734375 0.1734375
2 0.87265625 0.53046875 0.165625 0.1640625
2 0.85078125 0.33671875 0.165625 0.1609375
2 0.83984375 0.14375 0.1640625 0.1734375
3 0.21328125 0.57265625 0.2140625 0.2015625
3 0.24609375 0.7859375 0.2109375 0.215625
3 0.16796875 0.209375 0.196875 0.1921875
3 0.20703125 0.378125 0.20625 0.1953125