2 0.3359375 0.76796875 0.1625 0.1640625
2 0.39921875 0.4515625 0.1546875 0.1625
2 0.45703125 0.14453125 0.1609375 0.1671875
1 0.38828125 0.61953125 0.16875 0.1734375
2 0.48984375 0.27890625 0.153125 0.1625
1 0.43828125 0.8921875 0.1859375 0.18125
2 0.4703125 0.7421875 0.1609375 0.1578125
1 0.53828125 0.41875 0.18125 0.18125
1 0.6046875 0.1078125 0.1875 0.1953125
1 0.534375 0.58359375 0.1859375 0.1828125
2 0.634375 0.2640625 0.16875 0.1734375
1 0.61875 0.7234375 0.19375 0.1828125
2 0.66328125 0.51875 0.1671875 0.1671875
1 0.65 0.90234375 0.19375 0.1921875
1 0.73984375 0.36875 0.2109375 0.19375
2 0.77890625 0.18671875 0.175 0.171875
1 0.77578125 0.6609375 0.2015625 0.19375
2 0.81875 0.503125 0.178125 0.1671875
2 0.790625 0.8203125 0.1859375 0.18125
1 0.1453125 0.5015625 0.159375 0.1734375
2 0.18984375 0.26875 0.1484375 0.1578125
1 0.24765625 0.3953125 0.165625 0.1734375
1 0.3171875 0.14296875 0.1671875 0.1765625
2 0.24609375 0.671875 0.153125 0.1625
2 0.2796875 0.53828125 0.1515625 0.153125
1 0.35625 0.290625 0.171875 0.1796875