2 0.49140625 0.34453125 0.1421875 0.146875
1 0.35390625 0.39140625 0.16875 0.16875
2 0.621875 0.3875 0.146875 0.146875
1 0.23984375 0.4890625 0.175 0.1703125
1 0.471875 0.48515625 0.1578125 0.16875
2 0.609375 0.51875 0.146875 0.1484375
1 0.3671875 0.5921875 0.16875 0.16875
2 0.2296875 0.63828125 0.146875 0.146875
2 0.71171875 0.60078125 0.1453125 0.1421875
1 0.509375 0.63125 0.1625 0.1625
2 0.40546875 0.728125 0.1421875 0.1421875
1 0.63203125 0.71484375 0.165625 0.1640625
2 0.275 0.771875 0.146875 0.1484375
1 0.51796875 0.8109375 0.1625 0.16875
2 0.39453125 0.24765625 0.146875 0.1453125
1 0.59375 0.2453125 0.1609375 0.16875