2 0.328125 0.50625 0.1453125 0.1421875
1 0.36796875 0.36171875 0.16875 0.16875
2 0.37890625 0.63984375 0.1453125 0.1453125
1 0.4640625 0.23671875 0.16875 0.175
1 0.47265625 0.47890625 0.1671875 0.1578125
2 0.51484375 0.61953125 0.1484375 0.1453125
1 0.578125 0.36328125 0.16875 0.16875
2 0.61875 0.21875 0.1453125 0.1453125
2 0.60546875 0.72265625 0.1421875 0.14375
1 0.6265625 0.509375 0.1609375 0.1609375
2 0.72109375 0.396875 0.1421875 0.1421875
1 0.7203125 0.6328125 0.1609375 0.1640625
2 0.76015625 0.25859375 0.1484375 0.1453125
1 0.81328125 0.50859375 0.1671875 0.1625
2 0.221875 0.41171875 0.14375 0.1453125
1 0.23125 0.61796875 0.1671875 0.159375