3 0.5828125 0.63359375 0.209375 0.203125
3 0.79453125 0.59375 0.2078125 0.2
2 0.38515625 0.621875 0.16875 0.1609375
2 0.21796875 0.64921875 0.1765625 0.171875
3 0.7828125 0.41796875 0.221875 0.203125
3 0.55390625 0.45546875 0.2 0.2078125
2 0.184375 0.48671875 0.171875 0.175
2 0.3671875 0.44921875 0.1703125 0.175
2 0.325 0.29296875 0.1703125 0.175
2 0.1625 0.3140625 0.1859375 0.18125
3 0.76484375 0.196875 0.2234375 0.21875
3 0.50546875 0.2328125 0.215625 0.2234375
3 0.6296875 0.8109375 0.1984375 0.1921875
3 0.81953125 0.775 0.1953125 0.1984375
2 0.25390625 0.81015625 0.1625 0.165625
2 0.4171875 0.76875 0.1640625 0.1515625