2 0.2515625 0.45625 0.1375 0.165625
2 0.2859375 0.68515625 0.1375 0.16875
3 0.35703125 0.346875 0.175 0.2171875
3 0.35234375 0.54140625 0.1609375 0.20625
2 0.4203125 0.15 0.1359375 0.1734375
2 0.39453125 0.859375 0.1421875 0.1703125
3 0.42734375 0.69375 0.165625 0.2140625
3 0.49921875 0.31640625 0.175 0.2171875
2 0.53671875 0.10078125 0.140625 0.175
2 0.478125 0.49453125 0.140625 0.18125
2 0.61953125 0.21015625 0.1453125 0.1875
3 0.5671875 0.60703125 0.1796875 0.2203125
3 0.5359375 0.81796875 0.1796875 0.2234375
3 0.61796875 0.4109375 0.175 0.2234375
3 0.72265625 0.5609375 0.190625 0.23125
2 0.7671875 0.36953125 0.1625 0.190625