3 0.78203125 0.3765625 0.1984375 0.20625
3 0.56015625 0.3703125 0.2 0.2
2 0.125 0.38203125 0.1609375 0.1671875
2 0.33203125 0.40625 0.1671875 0.1609375
3 0.76484375 0.5875 0.2015625 0.209375
3 0.54140625 0.58046875 0.2078125 0.209375
2 0.31328125 0.59140625 0.1703125 0.1671875
2 0.11171875 0.59921875 0.1796875 0.1796875
3 0.76171875 0.82109375 0.2046875 0.2140625
3 0.5421875 0.8109375 0.2015625 0.2171875
2 0.32109375 0.80546875 0.1734375 0.1671875
2 0.10078125 0.80390625 0.1796875 0.1796875
3 0.7734375 0.16953125 0.1953125 0.19375
3 0.56953125 0.165625 0.1984375 0.2
2 0.32734375 0.1875 0.1609375 0.1609375
2 0.140625 0.19296875 0.1671875 0.1609375