3 0.6578125 0.80390625 0.2203125 0.215625
3 0.66640625 0.59609375 0.215625 0.215625
2 0.6828125 0.28671875 0.1796875 0.1796875
2 0.69921875 0.09375 0.178125 0.1609375
3 0.44296875 0.80078125 0.215625 0.228125
3 0.46875 0.54921875 0.2296875 0.2296875
2 0.47265625 0.27421875 0.1765625 0.1828125
2 0.46796875 0.078125 0.1859375 0.15625
3 0.2328125 0.5375 0.24375 0.240625
3 0.2015625 0.7734375 0.2390625 0.2328125
2 0.21328125 0.26796875 0.1984375 0.190625
2 0.23359375 0.06640625 0.2015625 0.1328125
3 0.8421875 0.83828125 0.2046875 0.209375
3 0.87421875 0.61171875 0.209375 0.209375
2 0.9078125 0.11328125 0.1734375 0.140625
2 0.86640625 0.3125 0.171875 0.1796875