3 0.484375 0.296875 0.215625 0.2140625
2 0.1515625 0.28046875 0.16875 0.165625
2 0.31328125 0.31953125 0.1671875 0.171875
2 0.80546875 0.3703125 0.175 0.1703125
2 0.634375 0.3640625 0.165625 0.1625
3 0.19375 0.44375 0.21875 0.2140625
3 0.3953125 0.4640625 0.21875 0.2140625
3 0.74609375 0.52578125 0.221875 0.2125
2 0.56875 0.51171875 0.190625 0.1796875
2 0.26484375 0.61328125 0.1734375 0.184375
3 0.45234375 0.6515625 0.21875 0.2140625
3 0.6515625 0.70625 0.2140625 0.225
2 0.43046875 0.1296875 0.1625 0.165625
2 0.57890625 0.15 0.16875 0.1625
3 0.2640625 0.16015625 0.2125 0.1984375
3 0.7421875 0.2078125 0.2125 0.2125