2 0.39765625 0.83359375 0.18125 0.1734375
2 0.39765625 0.628125 0.18125 0.18125
2 0.38984375 0.44921875 0.1875 0.1875
2 0.3890625 0.25390625 0.1921875 0.1921875
3 0.640625 0.89453125 0.2140625 0.2046875
3 0.63515625 0.69375 0.2328125 0.221875
3 0.61875 0.42890625 0.2296875 0.234375
3 0.60859375 0.2125 0.24375 0.246875
3 0.8734375 0.88125 0.2125 0.1734375
3 0.85390625 0.7046875 0.221875 0.2140625
3 0.8375 0.44140625 0.234375 0.2296875
3 0.8328125 0.18359375 0.240625 0.24375
2 0.14296875 0.26796875 0.1984375 0.2015625
2 0.2265625 0.8546875 0.18125 0.1828125
2 0.20703125 0.6671875 0.18125 0.175
2 0.1875 0.47421875 0.184375 0.1875