3 0.4109375 0.6625 0.203125 0.1859375
3 0.4171875 0.871875 0.2 0.190625
3 0.43046875 0.23203125 0.2046875 0.2078125
3 0.4359375 0.4640625 0.190625 0.190625
2 0.68828125 0.19140625 0.16875 0.16875
2 0.70234375 0.4390625 0.1640625 0.1640625
2 0.70703125 0.83203125 0.159375 0.153125
2 0.72109375 0.64375 0.1640625 0.159375
2 0.9140625 0.18984375 0.16875 0.16875
2 0.9125 0.41953125 0.1640625 0.1625
2 0.9140625 0.63359375 0.1640625 0.159375
2 0.92109375 0.84609375 0.1484375 0.1703125
3 0.1890625 0.4625 0.2125 0.196875
3 0.1953125 0.228125 0.2078125 0.2125
3 0.18828125 0.8671875 0.19375 0.1890625
3 0.2078125 0.67578125 0.2046875 0.1921875