3 0.43984375 0.65703125 0.20625 0.209375
3 0.2171875 0.63203125 0.1984375 0.203125
2 0.6609375 0.6265625 0.165625 0.1703125
2 0.8421875 0.6375 0.171875 0.178125
3 0.215625 0.4421875 0.20625 0.2015625
3 0.45703125 0.459375 0.20625 0.209375
2 0.86328125 0.4578125 0.1703125 0.1703125
2 0.66953125 0.4359375 0.165625 0.1703125
2 0.69453125 0.2609375 0.1671875 0.1703125
2 0.878125 0.27109375 0.171875 0.171875
3 0.2078125 0.19453125 0.2125 0.2203125
3 0.49921875 0.21015625 0.2109375 0.21875
3 0.1953125 0.83359375 0.2015625 0.2
3 0.4109375 0.85 0.203125 0.1953125
2 0.82109375 0.8171875 0.165625 0.165625
2 0.6390625 0.7890625 0.1625 0.1671875