2 0.60546875 0.721875 0.175 0.165625
2 0.190625 0.7015625 0.1671875 0.1625
2 0.7328125 0.61640625 0.171875 0.16875
3 0.5078125 0.5703125 0.2125 0.2171875
3 0.084375 0.55625 0.16875 0.234375
3 0.2984375 0.54921875 0.2125 0.215625
2 0.62421875 0.42109375 0.175 0.1828125
3 0.42890625 0.371875 0.2203125 0.225
3 0.2 0.35625 0.221875 0.2171875
2 0.746875 0.30078125 0.1859375 0.18125
3 0.57265625 0.171875 0.221875 0.228125
3 0.32421875 0.1765625 0.2296875 0.2375
3 0.45703125 0.90546875 0.2171875 0.1890625
2 0.63984375 0.875 0.16875 0.165625
2 0.303125 0.81796875 0.16875 0.171875
2 0.44140625 0.73984375 0.16875 0.165625