2 0.4875 0.2125 0.1609375 0.1296875
2 0.71875 0.26875 0.1640625 0.1296875
3 0.3671875 0.3109375 0.2125 0.1625
3 0.56640625 0.325 0.2015625 0.1484375
2 0.159375 0.3578125 0.1703125 0.1265625
2 0.8875 0.39609375 0.1640625 0.134375
3 0.71484375 0.41484375 0.209375 0.1546875
3 0.32265625 0.45390625 0.2125 0.1625
2 0.09921875 0.47265625 0.171875 0.13125
2 0.50625 0.44765625 0.1765625 0.1296875
2 0.20390625 0.5671875 0.1828125 0.1359375
3 0.6140625 0.5484375 0.2171875 0.1671875
3 0.8328125 0.53515625 0.21875 0.1671875
3 0.409375 0.5828125 0.2171875 0.1625
3 0.55234375 0.7046875 0.2265625 0.178125
2 0.353125 0.7328125 0.1859375 0.153125