3 0.6671875 0.3546875 0.2140625 0.2046875
2 0.5703125 0.17421875 0.1796875 0.1796875
2 0.57421875 0.6515625 0.1609375 0.1546875
3 0.55546875 0.825 0.203125 0.1953125
3 0.528125 0.4890625 0.2015625 0.209375
3 0.52421875 0.48515625 0.2140625 0.2015625
2 0.48203125 0.309375 0.175 0.1828125
3 0.40078125 0.6609375 0.215625 0.215625
2 0.38046875 0.83515625 0.1703125 0.159375
2 0.3453125 0.48671875 0.1796875 0.1796875
3 0.30390625 0.30234375 0.2265625 0.21875
3 0.15390625 0.478125 0.2328125 0.2296875
2 0.86953125 0.56171875 0.1484375 0.1546875
3 0.85625 0.38828125 0.1921875 0.2125
2 0.73046875 0.18828125 0.159375 0.1640625
3 0.7109375 0.55 0.190625 0.1953125
2 0.70546875 0.7265625 0.159375 0.1578125