2 0.23125 0.71171875 0.1546875 0.146875
1 0.54140625 0.653125 0.171875 0.171875
2 0.75859375 0.58125 0.1546875 0.1515625
2 0.89453125 0.5546875 0.1546875 0.15
2 0.33203125 0.62734375 0.1578125 0.15625
1 0.446875 0.5453125 0.175 0.171875
2 0.190625 0.58046875 0.165625 0.1609375
2 0.5828125 0.51640625 0.1625 0.1515625
1 0.71171875 0.45390625 0.171875 0.171875
1 0.8609375 0.42109375 0.18125 0.1796875
1 0.30390625 0.48671875 0.18125 0.1734375
1 0.47890625 0.3953125 0.18125 0.1796875
2 0.61875 0.353125 0.165625 0.1609375
1 0.190625 0.371875 0.190625 0.1828125
2 0.33984375 0.34140625 0.1609375 0.165625
1 0.7625 0.2671875 0.1828125 0.1890625
1 0.5625 0.21015625 0.190625 0.1984375
2 0.2453125 0.22578125 0.1640625 0.1765625
1 0.39921875 0.19609375 0.1828125 0.196875
1 0.4328125 0.88828125 0.1640625 0.159375
2 0.6796875 0.8109375 0.1484375 0.1359375
1 0.54765625 0.80078125 0.165625 0.1578125
2 0.3140625 0.81640625 0.1484375 0.134375
2 0.8 0.69921875 0.1484375 0.1421875
1 0.41953125 0.73203125 0.16875 0.1671875
2 0.671875 0.684375 0.15 0.1453125