2 0.2140625 0.53984375 0.121875 0.159375
2 0.28828125 0.30546875 0.121875 0.1625
3 0.30703125 0.6703125 0.153125 0.209375
3 0.334375 0.46953125 0.140625 0.1984375
2 0.33828125 0.8890625 0.115625 0.1640625
2 0.43125 0.14140625 0.128125 0.1625
3 0.43671875 0.3203125 0.14375 0.20625
3 0.45 0.72890625 0.153125 0.209375
2 0.453125 0.9359375 0.125 0.128125
2 0.4578125 0.53984375 0.121875 0.175
2 0.5578125 0.86015625 0.128125 0.1796875
3 0.56875 0.43359375 0.159375 0.2125
3 0.57109375 0.2078125 0.159375 0.2140625
3 0.58984375 0.64921875 0.153125 0.2140625
3 0.725 0.5109375 0.16875 0.221875
2 0.7390625 0.71796875 0.1453125 0.1828125