3 0.32578125 0.5421875 0.190625 0.196875
3 0.328125 0.775 0.1859375 0.196875
2 0.37578125 0.33359375 0.1484375 0.159375
2 0.378125 0.14921875 0.159375 0.165625
3 0.51875 0.79609375 0.1859375 0.2125
3 0.52109375 0.5453125 0.196875 0.184375
2 0.5578125 0.14453125 0.1640625 0.1625
2 0.56328125 0.346875 0.1640625 0.159375
2 0.73828125 0.33046875 0.1640625 0.159375
2 0.74609375 0.153125 0.1703125 0.175
3 0.7578125 0.81875 0.203125 0.209375
3 0.76875 0.534375 0.209375 0.2015625
3 0.12734375 0.5578125 0.1796875 0.1859375
3 0.1296875 0.76875 0.1859375 0.1828125
2 0.2 0.15703125 0.15625 0.1515625
2 0.21328125 0.33984375 0.140625 0.15625