2 0.5046875 0.2328125 0.15 0.1171875
2 0.721875 0.30625 0.1515625 0.1171875
3 0.38046875 0.3171875 0.1984375 0.146875
3 0.56796875 0.34609375 0.1875 0.134375
2 0.17578125 0.34375 0.1546875 0.1125
2 0.8734375 0.4421875 0.1515625 0.121875
3 0.70625 0.44453125 0.1953125 0.1375
3 0.3234375 0.45 0.1984375 0.146875
2 0.109375 0.45 0.1609375 0.11875
2 0.50078125 0.46015625 0.1640625 0.1171875
2 0.2 0.54921875 0.1703125 0.121875
3 0.5984375 0.565625 0.2 0.1515625
3 0.809375 0.57265625 0.203125 0.1515625
3 0.39609375 0.5828125 0.203125 0.146875
3 0.5234375 0.7109375 0.2109375 0.1625
2 0.32890625 0.72109375 0.175 0.1390625