2 0.26171875 0.653125 0.1390625 0.13125
2 0.48984375 0.6203125 0.1203125 0.125
3 0.72109375 0.56796875 0.1421875 0.1453125
2 0.390625 0.571875 0.125 0.125
2 0.61328125 0.51640625 0.1140625 0.1203125
2 0.2703125 0.53515625 0.1296875 0.1296875
3 0.49140625 0.48984375 0.146875 0.146875
2 0.7546875 0.44765625 0.1078125 0.1125
3 0.3625 0.43515625 0.153125 0.153125
3 0.58125 0.3796875 0.1453125 0.146875
3 0.7046875 0.3390625 0.13125 0.1453125
2 0.26875 0.3375 0.1328125 0.1296875
2 0.4734375 0.315625 0.1203125 0.125
3 0.59609375 0.2375 0.1421875 0.153125
3 0.38828125 0.21328125 0.1578125 0.165625
3 0.61015625 0.6421875 0.140625 0.159375