3 0.37109375 0.82265625 0.2125 0.2140625
2 0.32265625 0.21484375 0.190625 0.1796875
3 0.37578125 0.58515625 0.2140625 0.209375
2 0.35546875 0.40390625 0.165625 0.1796875
3 0.5578125 0.81640625 0.209375 0.2140625
2 0.52421875 0.18984375 0.175 0.1765625
3 0.575 0.5953125 0.2125 0.209375
2 0.56328125 0.365625 0.1703125 0.1734375
3 0.815625 0.78984375 0.2171875 0.2046875
3 0.80078125 0.57890625 0.2171875 0.2046875
2 0.7765625 0.34609375 0.175 0.165625
2 0.75390625 0.1640625 0.175 0.1640625
3 0.13671875 0.62578125 0.221875 0.215625
3 0.17421875 0.85234375 0.2140625 0.2140625
2 0.16484375 0.421875 0.1796875 0.1828125
2 0.15234375 0.234375 0.178125 0.1765625