3 0.503125 0.31484375 0.1984375 0.196875
2 0.82734375 0.32109375 0.153125 0.1515625
2 0.66796875 0.3484375 0.1515625 0.159375
2 0.18671875 0.36484375 0.1625 0.153125
2 0.353125 0.36953125 0.1515625 0.15
3 0.77578125 0.47734375 0.2 0.196875
3 0.578125 0.4828125 0.2 0.196875
3 0.2328125 0.51875 0.203125 0.19375
2 0.40625 0.5171875 0.175 0.165625
2 0.6953125 0.6375 0.159375 0.16875
3 0.5109375 0.66171875 0.2 0.196875
3 0.31328125 0.70078125 0.196875 0.20625
2 0.56640625 0.15625 0.15 0.1515625
2 0.421875 0.165625 0.153125 0.15
3 0.7265625 0.196875 0.196875 0.18125
3 0.25859375 0.209375 0.19375 0.196875