3 0.55234375 0.334375 0.1890625 0.20625
2 0.2453125 0.35390625 0.15625 0.1640625
2 0.3921875 0.3859375 0.15 0.1640625
3 0.7171875 0.421875 0.19375 0.196875
3 0.2875 0.51640625 0.2015625 0.2
2 0.86953125 0.50859375 0.159375 0.1640625
2 0.4609375 0.53828125 0.153125 0.16875
2 0.6078125 0.55859375 0.15625 0.16875
2 0.76171875 0.60625 0.1625 0.153125
3 0.271875 0.7125 0.20625 0.209375
3 0.4640625 0.709375 0.2 0.2140625
3 0.6578125 0.7515625 0.209375 0.209375
3 0.55390625 0.1296875 0.1890625 0.2
3 0.3875 0.2203125 0.2 0.2
2 0.6890625 0.2359375 0.1640625 0.159375
2 0.82421875 0.29453125 0.1515625 0.15625