2 0.5078125 0.24140625 0.1546875 0.11875
2 0.73671875 0.30703125 0.159375 0.1203125
1 0.3859375 0.33671875 0.2 0.1609375
1 0.58203125 0.353125 0.20625 0.15
2 0.18125 0.3703125 0.1703125 0.1203125
2 0.89609375 0.4421875 0.1671875 0.13125
1 0.7234375 0.45234375 0.203125 0.15625
1 0.334375 0.47265625 0.2046875 0.15625
2 0.11640625 0.47890625 0.1640625 0.1203125
2 0.51171875 0.471875 0.1640625 0.1203125
2 0.21328125 0.575 0.1796875 0.134375
1 0.62421875 0.57890625 0.2171875 0.1609375
1 0.8359375 0.5796875 0.2125 0.159375
1 0.41484375 0.6046875 0.20625 0.159375
1 0.5421875 0.72890625 0.2171875 0.165625
2 0.34609375 0.740625 0.175 0.1375