3 0.578125 0.31953125 0.20625 0.2046875
2 0.30078125 0.3875 0.16875 0.16875
2 0.11953125 0.43125 0.178125 0.175
3 0.81484375 0.46484375 0.2078125 0.2078125
3 0.58984375 0.5046875 0.2078125 0.2109375
2 0.34609375 0.571875 0.18125 0.1765625
2 0.15703125 0.63671875 0.1875 0.1765625
3 0.86015625 0.67890625 0.2125 0.2125
3 0.640625 0.71328125 0.2203125 0.228125
2 0.40859375 0.8 0.1765625 0.184375
2 0.2 0.8484375 0.1859375 0.190625
3 0.7375 0.1 0.2 0.190625
3 0.534375 0.1359375 0.196875 0.19375
2 0.08046875 0.24375 0.1609375 0.16875
2 0.27890625 0.2203125 0.1625 0.1625
3 0.76484375 0.27265625 0.20625 0.2015625