2 0.75546875 0.31015625 0.13125 0.1234375
2 0.5328125 0.33359375 0.1125 0.115625
3 0.30703125 0.3765625 0.134375 0.1359375
2 0.63046875 0.384375 0.115625 0.115625
2 0.4125 0.43125 0.10625 0.1125
2 0.7453125 0.42421875 0.1234375 0.1234375
3 0.5265625 0.4609375 0.1390625 0.1390625
2 0.27265625 0.4921875 0.1 0.10625
3 0.65 0.51796875 0.14375 0.14375
3 0.4390625 0.5640625 0.1359375 0.1390625
3 0.3171875 0.59921875 0.1234375 0.1390625
2 0.7375 0.61484375 0.1265625 0.1234375
2 0.540625 0.6296875 0.1125 0.115625
3 0.4171875 0.7015625 0.1328125 0.14375
3 0.6203125 0.73203125 0.1453125 0.1578125
3 0.41953125 0.309375 0.13125 0.1484375