2 0.325 0.17109375 0.14375 0.159375
1 0.3359375 0.53046875 0.171875 0.171875
2 0.378125 0.79140625 0.15 0.15625
2 0.384375 0.9359375 0.146875 0.128125
2 0.403125 0.2984375 0.15625 0.159375
1 0.475 0.44296875 0.171875 0.175
2 0.48046875 0.146875 0.1609375 0.165625
2 0.48359375 0.6015625 0.15 0.1640625
1 0.53046875 0.7609375 0.171875 0.171875
1 0.5421875 0.92109375 0.178125 0.1578125
1 0.56640625 0.29453125 0.171875 0.184375
1 0.6390625 0.50859375 0.178125 0.184375
2 0.6609375 0.675 0.1609375 0.165625
1 0.71640625 0.1875 0.184375 0.190625
2 0.725 0.35859375 0.165625 0.1609375
1 0.73359375 0.853125 0.1890625 0.184375
1 0.83359375 0.63359375 0.2 0.1890625
2 0.871875 0.275 0.178125 0.1609375
1 0.878125 0.4515625 0.2 0.18125
1 0.090625 0.36796875 0.159375 0.1640625
2 0.13359375 0.6609375 0.134375 0.15
1 0.16796875 0.5140625 0.159375 0.165625
2 0.19140625 0.246875 0.134375 0.15
2 0.2375 0.8140625 0.140625 0.15
1 0.26953125 0.38203125 0.165625 0.16875
2 0.278125 0.675 0.14375 0.15