3 0.6390625 0.19140625 0.196875 0.190625
3 0.63359375 0.4140625 0.1921875 0.1921875
2 0.59921875 0.85 0.159375 0.15625
2 0.5859375 0.64140625 0.15625 0.159375
3 0.4265625 0.19765625 0.2 0.1921875
3 0.42109375 0.42265625 0.2 0.196875
2 0.3984375 0.65078125 0.159375 0.1625
2 0.3796875 0.853125 0.171875 0.171875
3 0.19140625 0.18828125 0.20625 0.1953125
3 0.18984375 0.409375 0.209375 0.1921875
2 0.184375 0.63125 0.159375 0.165625
2 0.1734375 0.853125 0.171875 0.171875
3 0.84609375 0.2109375 0.184375 0.1875
3 0.83984375 0.415625 0.1921875 0.190625
2 0.8046875 0.6578125 0.15625 0.15625
2 0.7890625 0.84453125 0.15625 0.1609375