3 0.34375 0.615625 0.190625 0.1921875
2 0.346875 0.33046875 0.1546875 0.1546875
2 0.3484375 0.1453125 0.1625 0.1671875
3 0.53671875 0.81171875 0.1921875 0.1921875
3 0.52421875 0.58359375 0.19375 0.1921875
2 0.534375 0.3328125 0.1609375 0.1671875
2 0.55546875 0.13828125 0.1625 0.1765625
3 0.75234375 0.80546875 0.196875 0.196875
3 0.7375 0.58828125 0.2125 0.203125
2 0.76875 0.34375 0.1703125 0.1640625
2 0.76875 0.13359375 0.1765625 0.171875
3 0.16640625 0.81796875 0.178125 0.1859375
3 0.15625 0.6140625 0.178125 0.18125
2 0.15859375 0.1453125 0.15625 0.1625
2 0.1796875 0.346875 0.15 0.15
3 0.340625 0.80546875 0.1859375 0.190625