2 0.3328125 0.7125 0.1453125 0.1421875
3 0.37578125 0.39765625 0.1765625 0.171875
3 0.39140625 0.56171875 0.1828125 0.171875
2 0.47265625 0.26953125 0.1421875 0.1515625
2 0.44296875 0.76015625 0.1328125 0.1421875
2 0.51875 0.39765625 0.1453125 0.14375
3 0.528125 0.65546875 0.18125 0.178125
2 0.6171875 0.315625 0.1390625 0.1515625
3 0.61328125 0.51640625 0.1921875 0.1796875
2 0.67109375 0.68828125 0.153125 0.15
2 0.74375 0.2328125 0.1578125 0.159375
3 0.7484375 0.40625 0.1984375 0.1984375
3 0.79296875 0.59375 0.2015625 0.1828125
2 0.24296875 0.43671875 0.1375 0.140625
3 0.24453125 0.58359375 0.1796875 0.178125
3 0.3359375 0.23671875 0.1890625 0.19375