2 0.56640625 0.19765625 0.1640625 0.1640625
2 0.5984375 0.5265625 0.15625 0.1625
2 0.634375 0.8421875 0.159375 0.16875
1 0.55859375 0.3609375 0.1703125 0.1734375
2 0.5609375 0.72109375 0.153125 0.1625
1 0.43046875 0.1109375 0.1859375 0.18125
2 0.44296875 0.26328125 0.1609375 0.159375
1 0.4734375 0.6 0.1796875 0.1796875
1 0.5 0.9109375 0.1875 0.178125
1 0.428125 0.4359375 0.1859375 0.184375
2 0.425 0.77578125 0.1703125 0.1734375
1 0.303125 0.32578125 0.1953125 0.1828125
2 0.32265625 0.53984375 0.165625 0.16875
1 0.22109375 0.16015625 0.1953125 0.1921875
1 0.2921875 0.70859375 0.2125 0.1953125
2 0.3078125 0.89453125 0.175 0.1734375
1 0.1703125 0.434375 0.2015625 0.196875
2 0.175 0.5984375 0.178125 0.165625
2 0.10859375 0.28359375 0.1859375 0.184375
1 0.82890625 0.40078125 0.1609375 0.1734375
2 0.85546875 0.6390625 0.1484375 0.1578125
1 0.7625 0.53671875 0.165625 0.1734375
1 0.76953125 0.80078125 0.165625 0.1734375
2 0.68203125 0.26796875 0.153125 0.1625
2 0.68828125 0.40390625 0.1515625 0.1546875
1 0.6875 0.66796875 0.1703125 0.178125