3 0.55078125 0.2625 0.2265625 0.2234375
2 0.88984375 0.31015625 0.175 0.171875
2 0.71953125 0.31875 0.1734375 0.18125
2 0.2125 0.2734375 0.184375 0.1765625
2 0.38671875 0.3 0.171875 0.16875
3 0.815625 0.4671875 0.2296875 0.2234375
3 0.6078125 0.44765625 0.2296875 0.2234375
3 0.2421875 0.44140625 0.2328125 0.221875
2 0.42421875 0.46171875 0.1984375 0.1890625
2 0.7109375 0.62421875 0.1828125 0.190625
3 0.5140625 0.62578125 0.2296875 0.2234375
3 0.303125 0.6421875 0.225 0.234375
2 0.63828125 0.1046875 0.16875 0.171875
2 0.484375 0.0953125 0.175 0.16875
3 0.80078125 0.1671875 0.221875 0.2078125
3 0.30859375 0.12109375 0.2203125 0.2234375