2 0.8125 0.35078125 0.15 0.140625
1 0.4796875 0.3453125 0.165625 0.165625
2 0.240625 0.36875 0.15 0.1453125
2 0.0953125 0.36796875 0.15 0.1421875
2 0.68984375 0.41796875 0.153125 0.1515625
1 0.55390625 0.475 0.16875 0.165625
2 0.825 0.496875 0.1609375 0.1546875
2 0.4078125 0.47734375 0.15625 0.1453125
1 0.26171875 0.51015625 0.165625 0.165625
1 0.10078125 0.51171875 0.1765625 0.1734375
1 0.68828125 0.56640625 0.1765625 0.1671875
1 0.48828125 0.62421875 0.1765625 0.171875
2 0.33515625 0.63671875 0.1609375 0.1546875
1 0.7796875 0.70859375 0.1828125 0.178125
2 0.61953125 0.7078125 0.1546875 0.1609375
1 0.16875 0.6921875 0.178125 0.1828125
1 0.36171875 0.79375 0.1828125 0.19375
2 0.69140625 0.846875 0.1546875 0.1703125
1 0.5265625 0.84609375 0.175 0.1921875
1 0.64296875 0.128125 0.1578125 0.153125
2 0.37265625 0.15390625 0.14375 0.128125
1 0.50625 0.19296875 0.1609375 0.153125
2 0.74921875 0.22421875 0.14375 0.128125
2 0.225 0.24140625 0.14375 0.1375
1 0.621875 0.2921875 0.1640625 0.1609375
2 0.353125 0.2859375 0.14375 0.1390625