2 0.640625 0.46953125 0.16875 0.1640625
1 0.57890625 0.32890625 0.19375 0.19375
2 0.60859375 0.61640625 0.1703125 0.1703125
1 0.4625 0.21328125 0.1953125 0.2015625
1 0.4875 0.4625 0.1921875 0.1828125
2 0.465625 0.61484375 0.1734375 0.1703125
1 0.3640625 0.3625 0.19375 0.19375
2 0.3015625 0.21875 0.1703125 0.1703125
2 0.38671875 0.73125 0.1640625 0.165625
1 0.3359375 0.51875 0.1875 0.1875
2 0.22109375 0.41328125 0.1640625 0.1625
1 0.25703125 0.65859375 0.1890625 0.190625
2 0.16171875 0.278125 0.1734375 0.1703125
1 0.14296875 0.54140625 0.1921875 0.1890625
2 0.73671875 0.3578125 0.1671875 0.1703125
1 0.75703125 0.5703125 0.1921875 0.1859375