2 0.79375 0.44609375 0.171875 0.1734375
2 0.39921875 0.384375 0.1640625 0.171875
2 0.578125 0.41875 0.1625 0.1625
2 0.20625 0.36484375 0.159375 0.165625
1 0.7828125 0.675 0.1890625 0.18125
1 0.15390625 0.5859375 0.1875 0.1859375
1 0.57265625 0.665625 0.1796875 0.1890625
1 0.3703125 0.6515625 0.175 0.1796875
1 0.76328125 0.8875 0.18125 0.1953125
1 0.12421875 0.78828125 0.1828125 0.190625
1 0.546875 0.87109375 0.184375 0.18125
1 0.3375 0.8359375 0.1765625 0.1796875
2 0.825 0.26796875 0.1609375 0.165625
2 0.60859375 0.25703125 0.1640625 0.171875
2 0.24140625 0.1984375 0.1609375 0.1734375
2 0.4328125 0.23671875 0.1703125 0.1703125