2 0.28984375 0.19296875 0.15 0.1609375
1 0.340625 0.51953125 0.1765625 0.1765625
2 0.4078125 0.753125 0.1546875 0.159375
2 0.43125 0.89609375 0.153125 0.159375
2 0.37578125 0.30078125 0.1609375 0.1625
1 0.4578125 0.42421875 0.1765625 0.1796875
2 0.42890625 0.15390625 0.165625 0.1703125
2 0.48203125 0.5671875 0.1546875 0.165625
1 0.54375 0.7078125 0.1765625 0.1765625
1 0.57265625 0.86328125 0.1828125 0.1875
1 0.52421875 0.278125 0.1765625 0.1875
1 0.6140625 0.465625 0.18125 0.1875
2 0.65234375 0.61484375 0.1640625 0.1703125
1 0.64921875 0.16484375 0.1890625 0.19375
2 0.67578125 0.31953125 0.1703125 0.1640625
1 0.73828125 0.76875 0.1921875 0.1890625
1 0.80546875 0.5578125 0.2046875 0.1953125
2 0.8 0.22734375 0.1796875 0.1671875
1 0.825 0.38671875 0.203125 0.1875
1 0.09765625 0.39921875 0.1625 0.16875
2 0.1703125 0.6609375 0.1390625 0.1515625
1 0.1859375 0.52265625 0.1625 0.1703125
2 0.1765625 0.27734375 0.1375 0.1515625
2 0.28203125 0.7890625 0.146875 0.153125
1 0.26328125 0.39140625 0.1703125 0.1734375
2 0.30390625 0.6578125 0.1484375 0.153125