3 0.2640625 0.64140625 0.1859375 0.184375
2 0.82421875 0.58828125 0.1546875 0.1640625
3 0.48125 0.5984375 0.18125 0.1859375
2 0.6453125 0.5890625 0.15625 0.1421875
3 0.24140625 0.471875 0.1859375 0.18125
2 0.8140625 0.40234375 0.1546875 0.15
3 0.4375 0.42109375 0.18125 0.184375
2 0.646875 0.3953125 0.15 0.1484375
3 0.22578125 0.234375 0.175 0.1890625
3 0.41875 0.21484375 0.175 0.1890625
2 0.6328125 0.2 0.1421875 0.15
2 0.80078125 0.190625 0.1390625 0.15
3 0.4796875 0.82109375 0.1859375 0.19375
3 0.27109375 0.8234375 0.1859375 0.1859375
2 0.6609375 0.7640625 0.1546875 0.1546875
2 0.83046875 0.7453125 0.1515625 0.1546875