2 0.57421875 0.67109375 0.196875 0.1890625
2 0.1515625 0.58984375 0.1890625 0.184375
2 0.71953125 0.58125 0.1953125 0.19375
3 0.49609375 0.50078125 0.2421875 0.246875
3 0.08046875 0.42734375 0.1609375 0.2546875
3 0.28359375 0.4484375 0.2421875 0.24375
2 0.63671875 0.36484375 0.2 0.2078125
3 0.44375 0.28515625 0.2515625 0.25625
3 0.209375 0.2359375 0.253125 0.2484375
2 0.7796875 0.25859375 0.2109375 0.20625
3 0.61796875 0.115625 0.2515625 0.23125
3 0.36015625 0.10234375 0.2578125 0.2046875
3 0.39453125 0.85390625 0.246875 0.246875
2 0.58828125 0.83359375 0.1921875 0.1890625
2 0.24921875 0.7265625 0.19375 0.1953125
2 0.403125 0.66640625 0.1921875 0.1890625