3 0.48515625 0.653125 0.1953125 0.19375
2 0.18359375 0.62109375 0.15 0.1484375
2 0.33515625 0.60859375 0.1484375 0.15625
2 0.78515625 0.6328125 0.1578125 0.1515625
2 0.6296875 0.6140625 0.1484375 0.146875
3 0.24453125 0.4796875 0.196875 0.19375
3 0.4296875 0.490625 0.196875 0.19375
3 0.75390625 0.48515625 0.2 0.190625
2 0.59296875 0.471875 0.171875 0.1625
2 0.3328125 0.33671875 0.1578125 0.165625
3 0.50703125 0.32890625 0.196875 0.19375
3 0.69453125 0.30859375 0.19375 0.203125
2 0.41328125 0.79609375 0.146875 0.1484375
2 0.55 0.79921875 0.15 0.146875
3 0.2671875 0.7453125 0.1921875 0.178125
3 0.7046875 0.77109375 0.190625 0.19375