2 0.79765625 0.68359375 0.1453125 0.134375
1 0.4703125 0.6796875 0.159375 0.159375
2 0.23203125 0.64609375 0.14375 0.140625
2 0.08828125 0.6421875 0.1421875 0.1375
2 0.68046875 0.615625 0.146875 0.14375
1 0.54765625 0.55234375 0.1625 0.159375
2 0.81640625 0.5421875 0.1546875 0.15
2 0.40390625 0.546875 0.153125 0.140625
1 0.2578125 0.50625 0.159375 0.159375
1 0.10078125 0.49921875 0.16875 0.165625
1 0.68125 0.46640625 0.16875 0.159375
1 0.4859375 0.40390625 0.16875 0.165625
2 0.33359375 0.38671875 0.1546875 0.15
1 0.77578125 0.32890625 0.178125 0.16875
2 0.6203125 0.3234375 0.15 0.1546875
1 0.17109375 0.3234375 0.16875 0.175
1 0.36875 0.2296875 0.175 0.184375
2 0.69375 0.1890625 0.15 0.165625
1 0.53359375 0.1859375 0.1671875 0.184375
1 0.621875 0.90078125 0.153125 0.146875
2 0.3546875 0.865625 0.1390625 0.125
1 0.4875 0.83203125 0.1546875 0.146875
2 0.73046875 0.80703125 0.1390625 0.125
2 0.2140625 0.7734375 0.1390625 0.13125
1 0.60625 0.73828125 0.15625 0.1546875
2 0.33984375 0.73515625 0.1390625 0.134375