2 0.734375 0.31328125 0.1546875 0.1515625
3 0.7 0.6625 0.1890625 0.1828125
3 0.67578125 0.4828125 0.196875 0.184375
2 0.59765625 0.80703125 0.1515625 0.1640625
2 0.6109375 0.265625 0.14375 0.153125
2 0.54140625 0.66796875 0.15625 0.1546875
3 0.52109375 0.384375 0.1953125 0.190625
2 0.4359375 0.76328125 0.15 0.1640625
3 0.43359375 0.540625 0.2046875 0.190625
2 0.3625 0.35390625 0.165625 0.159375
2 0.3 0.8578125 0.1703125 0.171875
3 0.2875 0.66796875 0.2140625 0.2140625
3 0.23203125 0.46328125 0.21875 0.1984375
2 0.84375 0.6140625 0.1484375 0.15
3 0.8375 0.45234375 0.1921875 0.190625
3 0.75 0.8390625 0.2015625 0.209375