3 0.315625 0.46171875 0.1875 0.1875
3 0.32421875 0.2359375 0.1796875 0.19375
2 0.3640625 0.67734375 0.15625 0.15625
2 0.3703125 0.8546875 0.153125 0.1578125
3 0.5046875 0.2171875 0.1890625 0.1984375
3 0.50859375 0.4671875 0.19375 0.19375
2 0.5375 0.87578125 0.15625 0.15625
2 0.55390625 0.68046875 0.1609375 0.1609375
2 0.728125 0.69921875 0.171875 0.165625
2 0.73046875 0.8859375 0.1625 0.175
3 0.76484375 0.18125 0.21875 0.209375
3 0.76328125 0.49375 0.215625 0.1984375
3 0.12421875 0.2328125 0.1671875 0.19375
3 0.13359375 0.44765625 0.171875 0.1828125
2 0.19765625 0.83828125 0.1453125 0.153125
2 0.2046875 0.665625 0.1421875 0.15