3 0.64140625 0.4421875 0.196875 0.203125
3 0.65 0.21328125 0.1921875 0.203125
2 0.58046875 0.6453125 0.1546875 0.1640625
2 0.56875 0.82578125 0.1640625 0.171875
3 0.4640625 0.1828125 0.19375 0.21875
3 0.44921875 0.42890625 0.203125 0.190625
2 0.39140625 0.82109375 0.1703125 0.1671875
2 0.39765625 0.621875 0.1703125 0.1640625
2 0.225 0.62890625 0.1703125 0.1640625
2 0.2078125 0.803125 0.1765625 0.1796875
3 0.23046875 0.14765625 0.2109375 0.2171875
3 0.2046875 0.42734375 0.215625 0.209375
3 0.8375 0.43671875 0.1875 0.1921875
3 0.8453125 0.23046875 0.1921875 0.1890625
2 0.7453125 0.82734375 0.1609375 0.15625
2 0.74140625 0.646875 0.1453125 0.159375