3 0.67109375 0.5875 0.2015625 0.2015625
3 0.61640625 0.41484375 0.1875 0.2
2 0.59609375 0.746875 0.1609375 0.1640625
2 0.51328125 0.20234375 0.15625 0.1609375
2 0.51640625 0.6203125 0.1625 0.1703125
3 0.45 0.34453125 0.2015625 0.2
2 0.42734375 0.73671875 0.1609375 0.175
3 0.3921875 0.51640625 0.203125 0.20625
2 0.28046875 0.340625 0.1703125 0.1625
2 0.3140625 0.8515625 0.16875 0.171875
3 0.26875 0.6703125 0.2203125 0.225
3 0.175 0.47734375 0.221875 0.2203125
2 0.80859375 0.50546875 0.1484375 0.1578125
3 0.775 0.35234375 0.1921875 0.1890625
3 0.76015625 0.7484375 0.19375 0.2109375
2 0.65546875 0.2296875 0.1484375 0.153125