2 0.6984375 0.8734375 0.146875 0.15625
1 0.67890625 0.51640625 0.1734375 0.1734375
2 0.6359375 0.26171875 0.1515625 0.15625
2 0.6265625 0.1046875 0.1484375 0.15625
2 0.6171875 0.74609375 0.15625 0.159375
1 0.5453125 0.6046875 0.1734375 0.1765625
2 0.54296875 0.89765625 0.1625 0.16875
2 0.53203125 0.4484375 0.1515625 0.165625
1 0.48515625 0.29375 0.1734375 0.1734375
1 0.471875 0.121875 0.178125 0.184375
1 0.4578125 0.75625 0.1734375 0.184375
1 0.3796875 0.54609375 0.178125 0.184375
2 0.3546875 0.38125 0.1625 0.16875
1 0.3109375 0.8640625 0.184375 0.19375
2 0.3 0.69375 0.16875 0.1625
1 0.2828125 0.20703125 0.190625 0.184375
1 0.18828125 0.4234375 0.2 0.190625
2 0.15546875 0.78125 0.178125 0.1625
1 0.14453125 0.60390625 0.2 0.18125
1 0.92265625 0.675 0.1546875 0.165625
2 0.87734375 0.38671875 0.134375 0.15
1 0.8453125 0.53203125 0.159375 0.16875
2 0.8296875 0.796875 0.134375 0.15
2 0.77109375 0.234375 0.14375 0.1515625
1 0.74765625 0.66484375 0.16875 0.171875
2 0.73359375 0.375 0.146875 0.1515625