3 0.484375 0.67734375 0.203125 0.20625
3 0.265625 0.653125 0.19375 0.1984375
2 0.70234375 0.64609375 0.1625 0.16875
2 0.88046875 0.659375 0.1703125 0.171875
3 0.2640625 0.465625 0.203125 0.196875
3 0.5015625 0.4828125 0.203125 0.20625
2 0.9015625 0.48203125 0.16875 0.16875
2 0.7109375 0.459375 0.1625 0.16875
2 0.73515625 0.28671875 0.165625 0.16875
2 0.915625 0.296875 0.16875 0.16875
3 0.25625 0.221875 0.209375 0.215625
3 0.54453125 0.23671875 0.2046875 0.215625
3 0.24453125 0.85078125 0.196875 0.1984375
3 0.45703125 0.86640625 0.1953125 0.1921875
2 0.859375 0.83515625 0.1625 0.1625
2 0.68125 0.80703125 0.159375 0.165625