2 0.43984375 0.36875 0.1703125 0.175
2 0.24140625 0.34140625 0.1703125 0.171875
2 0.6359375 0.40703125 0.178125 0.1859375
2 0.86015625 0.453125 0.1765625 0.1765625
1 0.209375 0.56953125 0.1890625 0.190625
1 0.40859375 0.59921875 0.190625 0.1875
1 0.621875 0.634375 0.19375 0.1875
1 0.85859375 0.67265625 0.196875 0.196875
1 0.1890625 0.77734375 0.178125 0.184375
1 0.8421875 0.890625 0.1984375 0.2
1 0.58671875 0.86015625 0.20625 0.1953125
1 0.35625 0.83359375 0.196875 0.1953125
2 0.69375 0.17734375 0.1765625 0.1796875
2 0.2671875 0.11953125 0.1703125 0.1796875
2 0.91796875 0.221875 0.1640625 0.184375
2 0.49140625 0.17734375 0.171875 0.1828125