2 0.690625 0.71171875 0.15625 0.1578125
2 0.70625 0.853125 0.159375 0.1671875
2 0.58671875 0.26875 0.1546875 0.165625
1 0.54296875 0.4046875 0.1765625 0.18125
2 0.559375 0.55234375 0.1625 0.165625
2 0.490625 0.13828125 0.1625 0.16875
1 0.54921875 0.70390625 0.1765625 0.1765625
1 0.56171875 0.86875 0.1828125 0.1890625
1 0.43671875 0.2859375 0.1875 0.1875
1 0.409375 0.4921875 0.178125 0.1859375
2 0.41171875 0.64609375 0.165625 0.1625
1 0.37265625 0.82421875 0.19375 0.1953125
2 0.3078125 0.3703125 0.1671875 0.16875
1 0.284375 0.2109375 0.19375 0.19375
1 0.24765625 0.6375 0.2078125 0.1953125
1 0.1796875 0.47890625 0.203125 0.1953125
2 0.1546875 0.31484375 0.1859375 0.178125
1 0.87734375 0.27734375 0.1671875 0.175
2 0.8828125 0.55390625 0.15 0.15625
1 0.82734375 0.4234375 0.1625 0.16875
2 0.76875 0.190625 0.14375 0.15625
2 0.81953125 0.71171875 0.14375 0.15625
2 0.75859375 0.58828125 0.153125 0.153125
1 0.7203125 0.31796875 0.1671875 0.171875
1 0.6828125 0.46640625 0.1703125 0.1796875
2 0.6375 0.140625 0.1546875 0.1640625