3 0.2453125 0.29765625 0.1984375 0.2
3 0.43046875 0.34296875 0.196875 0.196875
2 0.7078125 0.40625 0.165625 0.165625
2 0.89375 0.44140625 0.171875 0.1671875
3 0.19375 0.4875 0.20625 0.196875
3 0.421875 0.528125 0.2078125 0.2078125
2 0.66484375 0.5953125 0.1671875 0.159375
2 0.8546875 0.65078125 0.1796875 0.171875
3 0.37265625 0.7390625 0.2203125 0.221875
3 0.15703125 0.7078125 0.2125 0.21875
2 0.60546875 0.825 0.1734375 0.18125
2 0.815625 0.86484375 0.178125 0.1859375
3 0.2625 0.1265625 0.19375 0.1875
3 0.46953125 0.15546875 0.19375 0.19375
2 0.9265625 0.253125 0.146875 0.1625
2 0.73203125 0.23828125 0.1640625 0.1578125