3 0.63203125 0.7046875 0.203125 0.2015625
2 0.31484375 0.6734375 0.165625 0.165625
2 0.10859375 0.653125 0.178125 0.171875
3 0.86953125 0.50859375 0.203125 0.203125
3 0.6140625 0.50078125 0.203125 0.20625
2 0.33671875 0.4640625 0.1796875 0.171875
2 0.12109375 0.4234375 0.1875 0.171875
3 0.884375 0.26796875 0.209375 0.209375
3 0.63984375 0.26328125 0.215625 0.225
2 0.37109375 0.20390625 0.175 0.1828125
2 0.1359375 0.18359375 0.1828125 0.1875
3 0.83984375 0.9140625 0.1984375 0.171875
3 0.6125 0.90859375 0.19375 0.1828125
2 0.08984375 0.865625 0.175 0.1671875
2 0.3171875 0.8609375 0.1609375 0.1609375
3 0.84375 0.72734375 0.203125 0.196875