3 0.50625 0.63984375 0.1875 0.1875
3 0.71953125 0.65078125 0.1921875 0.1796875
2 0.30625 0.57421875 0.153125 0.153125
2 0.13828125 0.55625 0.15625 0.1515625
3 0.75 0.47890625 0.1984375 0.1875
3 0.515625 0.45703125 0.19375 0.19375
2 0.1296875 0.39453125 0.1546875 0.1546875
2 0.31796875 0.396875 0.1625 0.1609375
2 0.31484375 0.22890625 0.165625 0.1703125
2 0.13828125 0.2125 0.171875 0.1640625
3 0.80546875 0.23515625 0.2109375 0.2171875
3 0.5109375 0.2140625 0.203125 0.2125
3 0.70390625 0.83671875 0.1921875 0.1671875
3 0.50390625 0.8125 0.18125 0.1703125
2 0.13671875 0.7171875 0.1515625 0.14375
2 0.3015625 0.725 0.1515625 0.140625