3 0.78125 0.30859375 0.2125 0.21875
3 0.55859375 0.2859375 0.2140625 0.2140625
2 0.121875 0.26796875 0.175 0.1765625
2 0.32734375 0.30625 0.1765625 0.175
3 0.75078125 0.51953125 0.2140625 0.21875
3 0.525 0.49609375 0.2203125 0.221875
2 0.29765625 0.49140625 0.18125 0.178125
2 0.0953125 0.48515625 0.190625 0.1921875
3 0.73203125 0.75234375 0.21875 0.225
3 0.51015625 0.72734375 0.215625 0.23125
2 0.2890625 0.70546875 0.184375 0.178125
2 0.08125 0.68828125 0.1625 0.1921875
3 0.784375 0.1125 0.20625 0.18125
3 0.5796875 0.09453125 0.209375 0.1890625
2 0.33828125 0.08671875 0.1734375 0.1734375
2 0.15234375 0.08359375 0.1765625 0.1671875