3 0.66015625 0.75 0.2015625 0.2046875
2 0.57421875 0.165625 0.18125 0.171875
3 0.60390625 0.525 0.203125 0.2
2 0.584375 0.353125 0.15625 0.1703125
3 0.48359375 0.784375 0.2 0.203125
2 0.37890625 0.1859375 0.165625 0.16875
3 0.41875 0.58046875 0.2 0.2
2 0.38046875 0.3625 0.1625 0.1640625
3 0.23515625 0.81328125 0.2078125 0.19375
3 0.203125 0.61171875 0.2078125 0.19375
2 0.17578125 0.38828125 0.1671875 0.15625
2 0.15703125 0.2125 0.1671875 0.1546875
3 0.83671875 0.5140625 0.2125 0.2046875
3 0.8515625 0.7328125 0.2046875 0.2046875
2 0.7671875 0.3265625 0.1703125 0.1703125
2 0.73828125 0.15 0.1703125 0.16875