3 0.3828125 0.26015625 0.178125 0.18125
2 0.40625 0.8359375 0.1625 0.1515625
3 0.4140625 0.48203125 0.18125 0.1765625
2 0.415625 0.65546875 0.1390625 0.153125
3 0.5578125 0.2453125 0.1765625 0.18125
2 0.5984375 0.8359375 0.146875 0.1515625
3 0.6 0.44921875 0.178125 0.1765625
2 0.61484375 0.66640625 0.14375 0.146875
3 0.803125 0.23984375 0.1875 0.171875
3 0.81328125 0.4390625 0.1875 0.171875
2 0.8171875 0.66015625 0.15 0.1390625
2 0.8171875 0.83359375 0.15 0.1375
3 0.1859375 0.471875 0.1890625 0.18125
3 0.19453125 0.2546875 0.18125 0.18125
2 0.23515625 0.66015625 0.1515625 0.153125
2 0.2453125 0.8375 0.1515625 0.15