1 0.3984375 0.625 0.14375 0.1484375
1 0.19921875 0.58515625 0.15 0.1546875
1 0.60703125 0.63359375 0.146875 0.153125
1 0.75 0.65234375 0.146875 0.15
2 0.2171875 0.4109375 0.1328125 0.1375
2 0.74296875 0.46875 0.1328125 0.1359375
2 0.415625 0.42734375 0.1328125 0.1375
2 0.56796875 0.434375 0.1328125 0.1359375
2 0.453125 0.2890625 0.1328125 0.1375
2 0.76328125 0.3265625 0.1328125 0.1328125
2 0.60859375 0.29296875 0.1265625 0.13125
2 0.2515625 0.24140625 0.1328125 0.1375
1 0.19921875 0.7671875 0.15 0.1546875
1 0.3953125 0.7625 0.1484375 0.14375
1 0.71640625 0.790625 0.14375 0.1484375
1 0.58203125 0.77421875 0.146875 0.15