3 0.3484375 0.44921875 0.184375 0.1890625
3 0.340625 0.2359375 0.178125 0.1875
2 0.40546875 0.6390625 0.14375 0.1515625
2 0.41640625 0.80703125 0.153125 0.1609375
3 0.51328125 0.2078125 0.178125 0.2015625
3 0.528125 0.4375 0.1875 0.178125
2 0.58125 0.803125 0.1578125 0.15625
2 0.5765625 0.6171875 0.1578125 0.153125
2 0.7375 0.6234375 0.1578125 0.153125
2 0.753125 0.7859375 0.1640625 0.1671875
3 0.73203125 0.17578125 0.196875 0.2
3 0.75546875 0.4359375 0.2 0.19375
3 0.16640625 0.44453125 0.175 0.1765625
3 0.159375 0.2515625 0.1765625 0.1765625
2 0.25234375 0.8078125 0.15 0.1453125
2 0.25546875 0.640625 0.1359375 0.15