3 0.66171875 0.4875 0.2171875 0.203125
2 0.6125 0.7828125 0.1734375 0.165625
2 0.596875 0.63671875 0.171875 0.159375
3 0.5921875 0.31953125 0.2078125 0.20625
3 0.46015625 0.725 0.2125 0.215625
2 0.52421875 0.1640625 0.1734375 0.16875
2 0.45625 0.55625 0.178125 0.165625
2 0.44921875 0.4109375 0.178125 0.1671875
2 0.41953125 0.2578125 0.1640625 0.1703125
3 0.26640625 0.72109375 0.2234375 0.221875
3 0.2890625 0.53515625 0.2265625 0.2140625
3 0.27109375 0.34453125 0.2234375 0.2234375
3 0.8578125 0.50703125 0.2109375 0.203125
3 0.75390625 0.65859375 0.2125 0.2125
2 0.771875 0.36640625 0.16875 0.1734375
2 0.728125 0.2296875 0.165625 0.1609375