2 0.61328125 0.821875 0.16875 0.165625
2 0.6609375 0.42890625 0.1671875 0.1578125
2 0.63359375 0.60703125 0.1578125 0.1578125
2 0.6734375 0.23828125 0.1578125 0.153125
1 0.38671875 0.81875 0.175 0.1828125
1 0.453125 0.19453125 0.1765625 0.1796875
1 0.38828125 0.61015625 0.1859375 0.175
1 0.39609375 0.409375 0.1734375 0.1703125
1 0.17578125 0.80703125 0.190625 0.175
1 0.25234375 0.17109375 0.1859375 0.1765625
1 0.18515625 0.5921875 0.175 0.178125
1 0.21171875 0.38359375 0.1734375 0.1703125
2 0.79140625 0.846875 0.1578125 0.15625
2 0.79375 0.63203125 0.1671875 0.1578125
2 0.83984375 0.2671875 0.1671875 0.1546875
2 0.8078125 0.45703125 0.1625 0.1625