2 0.240625 0.5 0.1203125 0.1609375
2 0.30390625 0.73046875 0.125 0.165625
1 0.3390625 0.37734375 0.165625 0.203125
1 0.35234375 0.57734375 0.1578125 0.2109375
2 0.38046875 0.1703125 0.125 0.175
2 0.43671875 0.89296875 0.134375 0.171875
1 0.45078125 0.7203125 0.1609375 0.2046875
1 0.478125 0.328125 0.1609375 0.2078125
2 0.48828125 0.1078125 0.125 0.1703125
2 0.4765625 0.509375 0.125 0.1703125
2 0.5859375 0.20703125 0.1375 0.1859375
1 0.58125 0.62421875 0.1671875 0.2203125
1 0.57734375 0.8359375 0.1640625 0.2171875
1 0.6125 0.4109375 0.1640625 0.2109375
1 0.7328125 0.54375 0.1734375 0.221875
2 0.7515625 0.3453125 0.14375 0.1828125