2 0.55703125 0.5625 0.1984375 0.190625
2 0.59453125 0.796875 0.1953125 0.1953125
2 0.52421875 0.3734375 0.18125 0.1765625
2 0.48984375 0.16953125 0.1875 0.1734375
1 0.40390625 0.84375 0.2015625 0.20625
1 0.346875 0.621875 0.2125 0.196875
1 0.30234375 0.40859375 0.20625 0.196875
1 0.2546875 0.21484375 0.20625 0.2
1 0.18203125 0.8640625 0.2140625 0.2140625
1 0.1015625 0.45078125 0.203125 0.1984375
1 0.1234375 0.64921875 0.2171875 0.1984375
1 0.0703125 0.253125 0.140625 0.19375
2 0.81640625 0.77109375 0.1921875 0.1875
2 0.7625 0.5390625 0.1921875 0.178125
2 0.709375 0.35 0.1875 0.1765625
2 0.67265625 0.13359375 0.1875 0.1765625