3 0.8171875 0.74453125 0.215625 0.209375
3 0.584375 0.73515625 0.2125 0.2125
2 0.13984375 0.68359375 0.171875 0.178125
2 0.3484375 0.678125 0.16875 0.16875
3 0.8171875 0.521875 0.2234375 0.2171875
3 0.58046875 0.50859375 0.215625 0.2125
2 0.3515625 0.4859375 0.171875 0.171875
2 0.14296875 0.465625 0.175 0.171875
3 0.59921875 0.2796875 0.2234375 0.2171875
2 0.37265625 0.26640625 0.171875 0.171875
3 0.83671875 0.278125 0.2078125 0.2125
2 0.14140625 0.246875 0.178125 0.171875
3 0.78359375 0.92734375 0.2046875 0.1453125
3 0.57421875 0.91796875 0.2078125 0.1640625
2 0.328125 0.903125 0.1640625 0.159375
2 0.1359375 0.88359375 0.178125 0.16875