2 0.66328125 0.25546875 0.15625 0.1546875
2 0.61171875 0.62734375 0.15625 0.146875
2 0.628125 0.45703125 0.146875 0.146875
2 0.57421875 0.8046875 0.1484375 0.1421875
1 0.45703125 0.2015625 0.1609375 0.1671875
1 0.36328125 0.78984375 0.1640625 0.16875
1 0.40546875 0.39375 0.171875 0.1625
1 0.3625 0.57890625 0.1625 0.1578125
1 0.25859375 0.16171875 0.1765625 0.1625
1 0.17265625 0.76328125 0.1734375 0.165625
1 0.21484375 0.359375 0.1640625 0.1640625
1 0.190625 0.5578125 0.1625 0.159375
2 0.83203125 0.2765625 0.1453125 0.1453125
2 0.78359375 0.4734375 0.15625 0.146875
2 0.734375 0.81875 0.1546875 0.1421875
2 0.75078125 0.6359375 0.153125 0.153125