2 0.58984375 0.77109375 0.1703125 0.1671875
2 0.63359375 0.3671875 0.16875 0.1609375
2 0.60546875 0.55 0.1609375 0.1609375
2 0.640625 0.17109375 0.1609375 0.1546875
1 0.35859375 0.7734375 0.175 0.18125
1 0.41484375 0.1296875 0.178125 0.1828125
1 0.35390625 0.55859375 0.1859375 0.175
1 0.35859375 0.3515625 0.1765625 0.171875
1 0.1390625 0.76328125 0.1921875 0.1765625
1 0.20703125 0.10859375 0.1875 0.18125
1 0.1453125 0.54453125 0.178125 0.178125
1 0.171875 0.32890625 0.1765625 0.171875
2 0.7734375 0.79296875 0.159375 0.1578125
2 0.7734375 0.5734375 0.16875 0.1609375
2 0.81171875 0.19765625 0.16875 0.1546875
2 0.78203125 0.39375 0.165625 0.165625