1 0.3140625 0.42890625 0.15 0.1453125
1 0.31875 0.2109375 0.1578125 0.1515625
1 0.34375 0.65078125 0.1546875 0.1484375
1 0.35 0.80546875 0.1515625 0.1484375
2 0.50625 0.1984375 0.1390625 0.134375
2 0.54296875 0.76328125 0.1359375 0.134375
2 0.52578125 0.41015625 0.1390625 0.134375
2 0.546875 0.571875 0.1359375 0.134375
2 0.678125 0.42421875 0.1390625 0.134375
2 0.69609375 0.7578125 0.134375 0.134375
2 0.70390625 0.58828125 0.134375 0.128125
2 0.69140625 0.20234375 0.1390625 0.134375
1 0.1265625 0.24609375 0.1578125 0.1515625
1 0.16796875 0.45078125 0.1453125 0.15
1 0.196875 0.7953125 0.1515625 0.146875
1 0.18984375 0.65 0.1515625 0.1484375