2 0.2484375 0.53359375 0.1234375 0.15625
2 0.3375 0.74140625 0.128125 0.1609375
1 0.32421875 0.4078125 0.16875 0.2015625
1 0.36328125 0.58984375 0.159375 0.2078125
2 0.3328125 0.21015625 0.128125 0.1703125
2 0.48359375 0.8765625 0.1375 0.1703125
1 0.4734375 0.7125 0.1640625 0.203125
1 0.446875 0.34296875 0.1640625 0.2046875
2 0.428125 0.13671875 0.128125 0.1671875
2 0.4671875 0.51015625 0.128125 0.1671875
2 0.5296875 0.21640625 0.140625 0.18125
1 0.58125 0.60390625 0.1703125 0.2171875
1 0.60625 0.80390625 0.16875 0.2140625
1 0.58203125 0.403125 0.1671875 0.2078125
1 0.71328125 0.509375 0.1765625 0.21875
2 0.70234375 0.32265625 0.1453125 0.178125