2 0.259375 0.3171875 0.1671875 0.1671875
2 0.64453125 0.3859375 0.159375 0.1671875
2 0.4671875 0.36015625 0.1578125 0.1578125
2 0.82890625 0.4296875 0.153125 0.159375
1 0.196875 0.53359375 0.1828125 0.1734375
1 0.80703125 0.65078125 0.1796875 0.1796875
1 0.39375 0.59140625 0.1734375 0.184375
1 0.5859375 0.6421875 0.16875 0.1734375
1 0.14609375 0.7359375 0.175 0.190625
1 0.7703125 0.84765625 0.1765625 0.184375
1 0.35234375 0.7890625 0.178125 0.175
1 0.55703125 0.82421875 0.16875 0.1734375
2 0.28671875 0.1421875 0.1546875 0.159375
2 0.490625 0.20078125 0.159375 0.1671875
2 0.85 0.26328125 0.1546875 0.165625
2 0.66015625 0.2390625 0.1640625 0.1640625