2 0.20078125 0.5140625 0.1265625 0.165625
2 0.27734375 0.2703125 0.1265625 0.16875
3 0.29921875 0.65 0.159375 0.2171875
3 0.32578125 0.440625 0.1453125 0.20625
2 0.33203125 0.8765625 0.121875 0.1703125
2 0.42890625 0.1 0.1328125 0.16875
3 0.434375 0.2859375 0.1484375 0.2140625
3 0.4453125 0.71015625 0.159375 0.2171875
2 0.4515625 0.9296875 0.1296875 0.140625
2 0.453125 0.5140625 0.1265625 0.18125
2 0.5578125 0.84609375 0.1328125 0.1875
3 0.56875 0.40390625 0.165625 0.21875
3 0.57109375 0.16875 0.165625 0.221875
3 0.59375 0.628125 0.159375 0.221875
3 0.73046875 0.48359375 0.175 0.23125
2 0.74609375 0.69921875 0.15 0.190625