3 0.62734375 0.36015625 0.203125 0.1875
3 0.62890625 0.16015625 0.2 0.190625
3 0.59375 0.7765625 0.2046875 0.2078125
3 0.596875 0.55234375 0.190625 0.190625
2 0.34296875 0.81015625 0.1703125 0.1703125
2 0.3375 0.5671875 0.1640625 0.1640625
2 0.34609375 0.1890625 0.1609375 0.1546875
2 0.32734375 0.36796875 0.1640625 0.1578125
2 0.12421875 0.80078125 0.1703125 0.1703125
2 0.13359375 0.57890625 0.1640625 0.1609375
2 0.1390625 0.371875 0.1640625 0.1578125
2 0.1328125 0.16640625 0.1609375 0.171875
3 0.83515625 0.5625 0.2125 0.1984375
3 0.82109375 0.790625 0.2078125 0.2125
3 0.85 0.17265625 0.19375 0.1890625
3 0.82421875 0.3546875 0.2046875 0.190625