3 0.12109375 0.68125 0.225 0.23125
3 0.34609375 0.715625 0.2265625 0.2265625
2 0.78828125 0.7578125 0.184375 0.1890625
2 0.5828125 0.70703125 0.1875 0.184375
3 0.16328125 0.46875 0.228125 0.2328125
3 0.39140625 0.5046875 0.2328125 0.234375
2 0.621875 0.52109375 0.190625 0.1890625
2 0.82734375 0.53828125 0.203125 0.203125
3 0.1953125 0.23359375 0.23125 0.2375
3 0.41875 0.27109375 0.2296875 0.24375
2 0.6421875 0.3046875 0.19375 0.1890625
2 0.865625 0.3328125 0.203125 0.203125
3 0.11015625 0.86796875 0.2109375 0.16875
3 0.315625 0.89921875 0.2171875 0.18125
2 0.55859375 0.91875 0.1828125 0.1625
2 0.746875 0.9265625 0.1875 0.146875