2 0.44375 0.40703125 0.18125 0.1890625
2 0.21875 0.375 0.1859375 0.1859375
2 0.6265625 0.43515625 0.16875 0.171875
2 0.82421875 0.46484375 0.165625 0.178125
1 0.1765625 0.55859375 0.196875 0.1921875
1 0.390625 0.61015625 0.1875 0.2
1 0.59609375 0.65 0.1875 0.196875
1 0.78359375 0.6921875 0.1890625 0.196875
1 0.159375 0.77265625 0.203125 0.203125
1 0.56015625 0.8515625 0.1890625 0.2078125
1 0.36875 0.8265625 0.1875 0.2046875
1 0.75 0.90078125 0.1859375 0.1953125
2 0.2390625 0.16015625 0.178125 0.1828125
2 0.46328125 0.209375 0.1703125 0.1828125
2 0.64609375 0.25625 0.16875 0.178125
2 0.85546875 0.28828125 0.16875 0.178125