2 0.43203125 0.44609375 0.1515625 0.146875
2 0.4078125 0.275 0.146875 0.146875
2 0.46484375 0.6171875 0.1609375 0.153125
2 0.50234375 0.81015625 0.1515625 0.1515625
1 0.6046875 0.246875 0.1625 0.1625
1 0.63203125 0.41953125 0.1625 0.165625
1 0.66015625 0.60390625 0.1625 0.16875
1 0.69375 0.8078125 0.16875 0.16875
1 0.784375 0.2296875 0.15625 0.153125
1 0.88125 0.79609375 0.171875 0.1703125
1 0.8578125 0.5734375 0.1703125 0.178125
1 0.83359375 0.37265625 0.16875 0.16875
2 0.2671875 0.66640625 0.1546875 0.1515625
2 0.21640625 0.296875 0.15625 0.1484375
2 0.30546875 0.8671875 0.159375 0.153125
2 0.26484375 0.4921875 0.159375 0.1484375