2 0.51015625 0.26015625 0.1671875 0.1296875
2 0.7359375 0.34921875 0.1703125 0.13125
1 0.375 0.346875 0.2125 0.1765625
1 0.5765625 0.38203125 0.21875 0.165625
2 0.16328125 0.36640625 0.1796875 0.13125
2 0.88671875 0.50078125 0.1796875 0.1421875
1 0.71015625 0.496875 0.2140625 0.1703125
1 0.3109375 0.48125 0.2171875 0.1703125
2 0.0875 0.46875 0.175 0.13125
2 0.49453125 0.5 0.175 0.13125
2 0.17734375 0.578125 0.19375 0.146875
1 0.59921875 0.6171875 0.2296875 0.178125
1 0.81328125 0.6359375 0.2265625 0.1734375
1 0.38046875 0.62734375 0.2203125 0.1734375
1 0.503125 0.7625 0.2296875 0.1828125
2 0.29921875 0.76015625 0.190625 0.1515625