3 0.353125 0.515625 0.184375 0.184375
3 0.371875 0.7265625 0.178125 0.190625
2 0.38984375 0.3109375 0.153125 0.153125
2 0.384375 0.14375 0.15 0.1546875
3 0.54453125 0.73203125 0.1859375 0.1953125
3 0.5328125 0.5 0.190625 0.190625
2 0.5421875 0.11328125 0.153125 0.153125
2 0.56484375 0.29765625 0.15625 0.159375
2 0.72890625 0.271875 0.16875 0.1640625
2 0.72109375 0.09609375 0.1609375 0.1671875
3 0.78984375 0.753125 0.2140625 0.2078125
3 0.7703125 0.4625 0.2125 0.2
3 0.18671875 0.73671875 0.165625 0.190625
3 0.1828125 0.5375 0.16875 0.1796875
2 0.22578125 0.16484375 0.1421875 0.15
2 0.24140625 0.328125 0.140625 0.15