2 0.4046875 0.56171875 0.15 0.1546875
2 0.22109375 0.5453125 0.1484375 0.1484375
2 0.5890625 0.56640625 0.15625 0.165625
2 0.8 0.575 0.15625 0.15625
1 0.2390625 0.3328125 0.165625 0.165625
1 0.425 0.346875 0.16875 0.165625
1 0.62265625 0.36171875 0.171875 0.1671875
1 0.84296875 0.37578125 0.1734375 0.1734375
1 0.2640625 0.1421875 0.15625 0.1609375
1 0.87578125 0.17734375 0.1734375 0.1765625
1 0.6390625 0.14921875 0.18125 0.1734375
1 0.42421875 0.12578125 0.1734375 0.1734375
2 0.59375 0.78515625 0.15625 0.159375
2 0.19765625 0.7484375 0.15 0.159375
2 0.81171875 0.79375 0.15625 0.1640625
2 0.41171875 0.7453125 0.15 0.1625