2 0.16171875 0.5984375 0.171875 0.1703125
2 0.05 0.5765625 0.1 0.165625
2 0.65859375 0.62265625 0.18125 0.1703125
1 0.528125 0.534375 0.196875 0.19375
2 0.36875 0.5078125 0.1796875 0.1765625
2 0.82421875 0.5609375 0.1859375 0.178125
1 0.2125 0.45078125 0.1921875 0.1921875
1 0.0703125 0.4203125 0.140625 0.190625
1 0.6859375 0.46015625 0.2046875 0.2046875
1 0.4765625 0.36875 0.203125 0.19375
2 0.315625 0.32421875 0.1765625 0.1796875
1 0.13984375 0.2296875 0.215625 0.2125
2 0.63671875 0.2984375 0.1859375 0.184375
1 0.8109375 0.321875 0.2125 0.2125
1 0.3734375 0.1546875 0.2140625 0.2265625
1 0.56015625 0.13125 0.2125 0.2203125
2 0.740625 0.15390625 0.19375 0.203125
1 0.5625 0.91640625 0.190625 0.1671875
2 0.26953125 0.84765625 0.16875 0.1625
1 0.42265625 0.82890625 0.1859375 0.178125
2 0.68515625 0.83671875 0.1703125 0.1578125
2 0.1234375 0.7328125 0.1703125 0.1578125
2 0.27109375 0.70625 0.1671875 0.1671875
1 0.56640625 0.74765625 0.1890625 0.18125
1 0.421875 0.6640625 0.196875 0.1890625
2 0.77734375 0.7140625 0.178125 0.16875