3 0.59765625 0.671875 0.221875 0.2390625
2 0.26171875 0.68671875 0.1828125 0.1890625
2 0.41796875 0.634375 0.1734375 0.1875
3 0.76640625 0.55546875 0.2265625 0.2296875
3 0.2890625 0.5046875 0.234375 0.2328125
2 0.91484375 0.44296875 0.1703125 0.1890625
2 0.47421875 0.4609375 0.18125 0.1953125
2 0.6328125 0.41953125 0.184375 0.1953125
2 0.79453125 0.35 0.1875 0.1796875
3 0.2484375 0.290625 0.2421875 0.24375
3 0.4578125 0.27265625 0.2328125 0.2484375
3 0.66484375 0.20703125 0.24375 0.24375
3 0.62265625 0.8875 0.2203125 0.2234375
3 0.43046875 0.81171875 0.23125 0.23125
2 0.7578125 0.76484375 0.1890625 0.184375
2 0.8984375 0.684375 0.1765625 0.1828125