2 0.77421875 0.315625 0.1609375 0.1640625
2 0.3875 0.37109375 0.1546875 0.1625
2 0.56328125 0.35234375 0.153125 0.153125
2 0.20390625 0.4078125 0.146875 0.1546875
1 0.82734375 0.53203125 0.1734375 0.1671875
1 0.2203125 0.62578125 0.1734375 0.16875
1 0.628125 0.58359375 0.16875 0.1796875
1 0.4390625 0.62734375 0.1640625 0.16875
1 0.86875 0.73515625 0.16875 0.184375
1 0.246875 0.82421875 0.1703125 0.1796875
1 0.6640625 0.7796875 0.16875 0.16875
1 0.459375 0.8078125 0.1640625 0.16875
2 0.75 0.14375 0.15 0.153125
2 0.546875 0.19453125 0.1546875 0.1625
2 0.18828125 0.24296875 0.1484375 0.1625
2 0.3796875 0.225 0.15625 0.15625