2 0.2453125 0.35703125 0.1375 0.1421875
3 0.5625 0.3328125 0.1671875 0.171875
3 0.4046875 0.3828125 0.1671875 0.178125
2 0.7078125 0.40078125 0.1484375 0.1375
2 0.221875 0.475 0.1390625 0.1296875
2 0.59140625 0.4734375 0.1390625 0.1421875
3 0.34140625 0.53671875 0.1734375 0.175
2 0.69375 0.553125 0.1484375 0.134375
3 0.4953125 0.58984375 0.1734375 0.1859375
2 0.33984375 0.6828125 0.1453125 0.1484375
2 0.79921875 0.65859375 0.1546875 0.153125
3 0.63203125 0.69921875 0.19375 0.19375
3 0.45703125 0.78203125 0.1796875 0.196875
2 0.49609375 0.21171875 0.1375 0.134375
3 0.35390625 0.24296875 0.1734375 0.1734375
3 0.7109375 0.26015625 0.1890625 0.1828125