1 0.71640625 0.678125 0.196875 0.19375
2 0.740625 0.25703125 0.1796875 0.1921875
2 0.63046875 0.54921875 0.1625 0.16875
2 0.59296875 0.79140625 0.1625 0.1640625
1 0.58984375 0.3296875 0.1984375 0.203125
1 0.49375 0.63671875 0.2015625 0.19375
1 0.515625 0.165625 0.1984375 0.2
1 0.4875 0.46875 0.20625 0.1984375
2 0.43671875 0.78828125 0.1734375 0.1640625
2 0.42265625 0.31484375 0.178125 0.175
1 0.32421875 0.596875 0.1859375 0.1890625
1 0.309375 0.425 0.1921875 0.190625
2 0.16171875 0.4984375 0.1765625 0.1734375
1 0.88203125 0.34296875 0.2 0.20625
2 0.84921875 0.58046875 0.175 0.178125
2 0.75625 0.46015625 0.178125 0.175