2 0.3078125 0.33671875 0.15625 0.159375
2 0.44609375 0.359375 0.1546875 0.15625
1 0.59140625 0.39453125 0.1734375 0.178125
1 0.74375 0.4671875 0.18125 0.1984375
2 0.19296875 0.41875 0.1578125 0.1515625
1 0.334375 0.48515625 0.1703125 0.178125
2 0.48203125 0.4984375 0.153125 0.153125
1 0.2015625 0.5703125 0.171875 0.1703125
1 0.5609375 0.62890625 0.1734375 0.175
1 0.403125 0.6234375 0.1765625 0.1796875
2 0.73203125 0.66484375 0.16875 0.16875
2 0.27578125 0.71015625 0.159375 0.15625
1 0.62109375 0.7921875 0.1765625 0.1796875
2 0.44375 0.78046875 0.15625 0.165625
2 0.5328125 0.24375 0.159375 0.16875
1 0.709375 0.271875 0.190625 0.1796875