3 0.2859375 0.715625 0.221875 0.2296875
3 0.50546875 0.67109375 0.225 0.225
2 0.9203125 0.56015625 0.159375 0.1859375
2 0.72265625 0.58359375 0.1859375 0.18125
3 0.2546875 0.50390625 0.2265625 0.2328125
3 0.47578125 0.459375 0.23125 0.2328125
2 0.69921875 0.396875 0.1890625 0.1875
2 0.89375 0.34296875 0.196875 0.1984375
3 0.2046875 0.271875 0.2296875 0.2375
3 0.42265625 0.2328125 0.2265625 0.2390625
2 0.6421875 0.18828125 0.190625 0.1875
2 0.8578125 0.1390625 0.196875 0.1984375
3 0.34140625 0.9046875 0.2171875 0.190625
3 0.54296875 0.875 0.221875 0.2234375
2 0.7765625 0.79765625 0.18125 0.18125
2 0.9328125 0.7484375 0.134375 0.18125