2 0.29375 0.39609375 0.1609375 0.1640625
2 0.4328125 0.38984375 0.1578125 0.159375
1 0.58203125 0.39375 0.178125 0.184375
1 0.7453125 0.4328125 0.1875 0.203125
2 0.1984375 0.5 0.1625 0.1546875
1 0.34765625 0.53671875 0.175 0.1828125
2 0.49765625 0.51875 0.15625 0.15625
1 0.23515625 0.646875 0.1765625 0.175
1 0.60078125 0.62890625 0.178125 0.1796875
1 0.44375 0.65625 0.1796875 0.184375
2 0.771875 0.62890625 0.1734375 0.1734375
2 0.3390625 0.7671875 0.165625 0.1609375
1 0.69375 0.77421875 0.1796875 0.184375
2 0.515625 0.8 0.1609375 0.16875
2 0.4921875 0.26015625 0.165625 0.1734375
1 0.671875 0.2515625 0.19375 0.1859375