3 0.3375 0.43046875 0.2421875 0.225
2 0.3171875 0.76640625 0.1921875 0.1859375
2 0.371875 0.6109375 0.190625 0.1765625
3 0.45703125 0.2640625 0.2328125 0.2296875
3 0.5 0.7421875 0.2359375 0.2390625
2 0.571875 0.11015625 0.1921875 0.1875
2 0.546875 0.5578125 0.196875 0.184375
2 0.590625 0.4 0.1984375 0.1875
2 0.6625 0.23984375 0.1828125 0.1890625
3 0.7125 0.7859375 0.246875 0.24375
3 0.734375 0.57734375 0.253125 0.2375
3 0.803125 0.371875 0.246875 0.246875
3 0.11796875 0.4015625 0.234375 0.225
3 0.19453125 0.5953125 0.2359375 0.2359375
2 0.24765625 0.26953125 0.1875 0.1921875
2 0.33046875 0.13046875 0.184375 0.1796875