2 0.3828125 0.76640625 0.184375 0.146875
2 0.1515625 0.6578125 0.1875 0.1515625
1 0.53046875 0.6859375 0.234375 0.2
1 0.321875 0.634375 0.2421875 0.1890625
2 0.75625 0.68125 0.196875 0.1515625
2 0.0515625 0.4921875 0.103125 0.15
1 0.18984375 0.50390625 0.2359375 0.19375
1 0.609375 0.5484375 0.2390625 0.19375
2 0.84296875 0.57890625 0.1921875 0.1515625
2 0.41640625 0.515625 0.1921875 0.1515625
2 0.75703125 0.45625 0.2109375 0.165625
1 0.31484375 0.38515625 0.253125 0.203125
1 0.11015625 0.35234375 0.209375 0.19375
1 0.54609375 0.390625 0.24375 0.1984375
1 0.428125 0.2390625 0.253125 0.20625
2 0.64140625 0.25625 0.209375 0.171875