2 0.325 0.3796875 0.159375 0.1671875
2 0.37734375 0.75703125 0.15625 0.1609375
2 0.4109375 0.25546875 0.1640625 0.1671875
3 0.47109375 0.45703125 0.209375 0.203125
3 0.51953125 0.86484375 0.2234375 0.2109375
3 0.5078125 0.646875 0.20625 0.203125
2 0.5984375 0.3390625 0.1765625 0.16875
3 0.659375 0.51328125 0.2171875 0.2140625
3 0.69140625 0.721875 0.2109375 0.2140625
2 0.69765625 0.2171875 0.1734375 0.178125
3 0.8296875 0.36640625 0.2203125 0.215625
3 0.8453125 0.59375 0.2296875 0.2203125
3 0.15546875 0.53046875 0.209375 0.209375
2 0.1828125 0.36015625 0.159375 0.1625
2 0.2609375 0.6640625 0.1671875 0.1640625
2 0.32109375 0.53046875 0.159375 0.1625