2 0.8203125 0.6890625 0.1453125 0.134375
1 0.49296875 0.684375 0.159375 0.159375
2 0.2546875 0.65078125 0.14375 0.140625
2 0.1109375 0.646875 0.1421875 0.1375
2 0.703125 0.61953125 0.146875 0.14375
1 0.5703125 0.55625 0.1625 0.159375
2 0.8390625 0.546875 0.1546875 0.15
2 0.4265625 0.55234375 0.153125 0.140625
1 0.28046875 0.51171875 0.159375 0.159375
1 0.1234375 0.50390625 0.16875 0.165625
1 0.70390625 0.47109375 0.16875 0.159375
1 0.50859375 0.409375 0.16875 0.165625
2 0.35703125 0.39140625 0.1546875 0.15
1 0.7984375 0.3328125 0.178125 0.16875
2 0.64296875 0.328125 0.15 0.1546875
1 0.19375 0.32890625 0.16875 0.175
1 0.39140625 0.23359375 0.175 0.184375
2 0.71640625 0.19296875 0.15 0.165625
1 0.55625 0.19140625 0.1671875 0.184375
1 0.64453125 0.90546875 0.153125 0.146875
2 0.37734375 0.87109375 0.1390625 0.125
1 0.5109375 0.8375 0.1546875 0.146875
2 0.753125 0.8109375 0.1390625 0.125
2 0.23671875 0.77890625 0.1390625 0.1328125
1 0.62890625 0.74296875 0.15625 0.1546875
2 0.3625 0.73984375 0.1390625 0.134375