3 0.675 0.44921875 0.1828125 0.1828125
3 0.63828125 0.6265625 0.16875 0.1828125
2 0.58046875 0.2984375 0.1453125 0.15
2 0.5578125 0.8484375 0.1421875 0.146875
2 0.5171875 0.4328125 0.146875 0.15625
3 0.47734375 0.7140625 0.184375 0.18125
2 0.4140625 0.325 0.1453125 0.1609375
3 0.4046875 0.5484375 0.184375 0.1875
2 0.31171875 0.73515625 0.15625 0.146875
2 0.29140625 0.2234375 0.153125 0.15625
3 0.26328125 0.40859375 0.2 0.2046875
3 0.1921875 0.61015625 0.2015625 0.2
2 0.8171875 0.51640625 0.134375 0.1453125
3 0.80234375 0.671875 0.175 0.171875
3 0.74296875 0.2796875 0.175 0.19375
2 0.69375 0.80625 0.134375 0.140625