3 0.653125 0.5703125 0.2 0.203125
2 0.603125 0.2765625 0.165625 0.165625
2 0.56953125 0.08671875 0.1703125 0.1734375
3 0.4859375 0.8046875 0.203125 0.203125
3 0.4609375 0.5671875 0.20625 0.203125
2 0.409375 0.31015625 0.1703125 0.178125
2 0.35625 0.1125 0.1703125 0.184375
3 0.26171875 0.834375 0.209375 0.209375
3 0.2421875 0.60625 0.2234375 0.2140625
2 0.16953125 0.359375 0.1796875 0.1734375
2 0.134375 0.1421875 0.1859375 0.18125
3 0.86875 0.75078125 0.1875 0.196875
3 0.84609375 0.5390625 0.190625 0.1921875
2 0.765625 0.07109375 0.165625 0.1421875
2 0.77734375 0.2671875 0.159375 0.159375
3 0.68828125 0.76640625 0.196875 0.203125