3 0.62578125 0.246875 0.184375 0.1875
2 0.63203125 0.81171875 0.165625 0.1546875
3 0.60703125 0.4671875 0.1875 0.18125
2 0.6140625 0.63359375 0.1421875 0.15625
3 0.4546875 0.24140625 0.18125 0.1875
2 0.4453125 0.81953125 0.1515625 0.1578125
3 0.42421875 0.4421875 0.184375 0.18125
2 0.4203125 0.65625 0.1484375 0.153125
3 0.21484375 0.2515625 0.1921875 0.1765625
3 0.21640625 0.44453125 0.190625 0.1796875
2 0.2234375 0.66171875 0.1515625 0.1421875
2 0.2328125 0.8296875 0.1515625 0.140625
3 0.82890625 0.44375 0.19375 0.1875
3 0.809375 0.23515625 0.1875 0.1875
2 0.790625 0.63203125 0.1546875 0.1578125
2 0.78984375 0.8015625 0.1546875 0.153125