3 0.48515625 0.634375 0.196875 0.196875
3 0.69609375 0.60078125 0.203125 0.190625
2 0.27578125 0.61171875 0.1625 0.1625
2 0.1078125 0.62890625 0.165625 0.1609375
3 0.68984375 0.4265625 0.2078125 0.1984375
3 0.45703125 0.45390625 0.2046875 0.2046875
2 0.07421875 0.47265625 0.1484375 0.1640625
2 0.25078125 0.43671875 0.171875 0.1703125
2 0.21328125 0.271875 0.175 0.1796875
2 0.06328125 0.2921875 0.1265625 0.171875
3 0.69453125 0.17734375 0.2234375 0.228125
3 0.4015625 0.2171875 0.215625 0.225
3 0.7203125 0.7859375 0.2015625 0.178125
3 0.51875 0.80390625 0.190625 0.18125
2 0.14140625 0.7875 0.159375 0.153125
2 0.30390625 0.76015625 0.159375 0.15