2 0.24609375 0.36328125 0.178125 0.1859375
2 0.44375 0.41953125 0.1859375 0.1859375
2 0.61875 0.46171875 0.19375 0.19375
2 0.80625 0.51484375 0.196875 0.196875
3 0.1140625 0.57890625 0.2234375 0.221875
3 0.315625 0.63046875 0.228125 0.2390625
3 0.575 0.6875 0.240625 0.2359375
3 0.78515625 0.7375 0.253125 0.25
3 0.07890625 0.8046875 0.1578125 0.221875
3 0.24453125 0.8375 0.2203125 0.228125
3 0.50234375 0.88671875 0.2359375 0.2265625
3 0.753125 0.91796875 0.246875 0.1640625
2 0.86015625 0.275 0.2078125 0.2046875
2 0.2734375 0.19296875 0.1875 0.1859375
2 0.45859375 0.22578125 0.1796875 0.1859375
2 0.65 0.26015625 0.1921875 0.190625