2 0.23203125 0.48359375 0.121875 0.1609375
2 0.31171875 0.71015625 0.125 0.1671875
1 0.32265625 0.3515625 0.16875 0.20625
1 0.35078125 0.55234375 0.1578125 0.2140625
2 0.34921875 0.13984375 0.125 0.1765625
2 0.4578125 0.86484375 0.1375 0.1734375
1 0.459375 0.6890625 0.1625 0.2078125
1 0.459375 0.2921875 0.1640625 0.2109375
2 0.45390625 0.07734375 0.1234375 0.1546875
2 0.4703125 0.475 0.125 0.1703125
2 0.56015625 0.16171875 0.1390625 0.1859375
1 0.58359375 0.5828125 0.1703125 0.225
1 0.59453125 0.79609375 0.1671875 0.2171875
1 0.60078125 0.365625 0.1671875 0.2140625
1 0.73203125 0.4921875 0.1734375 0.225
2 0.73671875 0.290625 0.14375 0.1828125