3 0.66640625 0.5953125 0.184375 0.1875
2 0.63359375 0.31171875 0.1515625 0.1515625
2 0.61171875 0.12578125 0.1578125 0.1609375
3 0.49375 0.81171875 0.1875 0.1875
3 0.48203125 0.584375 0.190625 0.1875
2 0.4453125 0.33359375 0.159375 0.1640625
2 0.40390625 0.13828125 0.159375 0.1703125
3 0.2765625 0.83125 0.1921875 0.1921875
3 0.26875 0.60859375 0.2078125 0.196875
2 0.2109375 0.36796875 0.1671875 0.159375
2 0.18828125 0.15546875 0.171875 0.16875
3 0.865625 0.77890625 0.171875 0.1828125
3 0.8546875 0.5734375 0.175 0.178125
2 0.803125 0.10390625 0.1515625 0.1578125
2 0.80234375 0.31015625 0.146875 0.146875
3 0.690625 0.78515625 0.18125 0.1875