2 0.6 0.2140625 0.1734375 0.1625
2 0.60078125 0.4078125 0.1703125 0.1703125
2 0.6078125 0.57734375 0.178125 0.178125
2 0.609375 0.76171875 0.18125 0.18125
3 0.3703125 0.15 0.203125 0.2046875
3 0.37578125 0.346875 0.221875 0.2109375
3 0.39140625 0.596875 0.2171875 0.221875
3 0.40078125 0.80078125 0.2296875 0.2328125
3 0.14765625 0.1515625 0.2046875 0.2
3 0.16796875 0.3359375 0.2109375 0.2015625
3 0.18359375 0.584375 0.221875 0.2171875
3 0.1890625 0.82890625 0.228125 0.2296875
2 0.840625 0.7484375 0.1875 0.1921875
2 0.7625 0.19375 0.1703125 0.1734375
2 0.78125 0.37109375 0.1734375 0.1640625
2 0.79921875 0.55390625 0.1765625 0.1796875