2 0.7546875 0.50625 0.1234375 0.1625
2 0.6953125 0.7375 0.1265625 0.165625
1 0.6546875 0.384375 0.1703125 0.20625
1 0.64375 0.5859375 0.1609375 0.2140625
2 0.61015625 0.1796875 0.128125 0.1765625
2 0.56484375 0.903125 0.1359375 0.1734375
1 0.54765625 0.7296875 0.165625 0.2078125
1 0.51484375 0.33828125 0.165625 0.2109375
2 0.5 0.11796875 0.1265625 0.171875
2 0.51875 0.51953125 0.1265625 0.171875
2 0.40390625 0.21875 0.140625 0.1875
1 0.4171875 0.6359375 0.1703125 0.2234375
1 0.42421875 0.84765625 0.1671875 0.2203125
1 0.38125 0.4234375 0.1671875 0.2140625
1 0.26328125 0.55859375 0.1765625 0.2234375
2 0.240625 0.36015625 0.146875 0.184375