2 0.66796875 0.18671875 0.134375 0.14375
1 0.64453125 0.509375 0.1578125 0.1578125
2 0.60078125 0.73984375 0.1390625 0.14375
2 0.58984375 0.88125 0.1375 0.14375
2 0.59140625 0.3 0.14375 0.1453125
1 0.525 0.42734375 0.1578125 0.1609375
2 0.5265625 0.1625 0.15 0.1546875
2 0.51015625 0.56953125 0.1390625 0.1515625
1 0.465625 0.7078125 0.1578125 0.1578125
1 0.45 0.8640625 0.165625 0.16875
1 0.44765625 0.28984375 0.1609375 0.16875
1 0.37421875 0.478125 0.165625 0.16875
2 0.3484375 0.6265625 0.1484375 0.1546875
1 0.3171875 0.1890625 0.1703125 0.178125
2 0.30390625 0.34375 0.1546875 0.1484375
1 0.28125 0.78359375 0.175 0.1703125
1 0.1984375 0.58671875 0.1859375 0.1765625
2 0.17421875 0.26171875 0.1640625 0.1515625
1 0.16171875 0.42265625 0.1859375 0.16875
1 0.86875 0.36953125 0.1453125 0.1515625
2 0.82109375 0.63046875 0.1234375 0.1390625
1 0.79453125 0.49765625 0.1453125 0.1546875
2 0.784375 0.25859375 0.1234375 0.1390625
2 0.7234375 0.76640625 0.13125 0.1390625
1 0.70859375 0.3765625 0.1546875 0.15625
2 0.6921875 0.6390625 0.134375 0.1390625