2 0.540625 0.490625 0.165625 0.1609375
2 0.5234375 0.29375 0.1609375 0.1609375
2 0.546875 0.6890625 0.178125 0.1671875
2 0.55625 0.91484375 0.1671875 0.165625
1 0.29609375 0.3140625 0.1796875 0.1796875
1 0.31015625 0.5125 0.1796875 0.1828125
1 0.3265625 0.72421875 0.1796875 0.184375
1 0.340625 0.93359375 0.18125 0.1328125
1 0.09140625 0.34140625 0.171875 0.1703125
1 0.12734375 0.9515625 0.1859375 0.096875
1 0.10234375 0.7421875 0.18125 0.1953125
1 0.0828125 0.51171875 0.165625 0.1828125
2 0.78046875 0.69375 0.16875 0.165625
2 0.74140625 0.26953125 0.171875 0.1625
2 0.78828125 0.91328125 0.171875 0.140625
2 0.73828125 0.4984375 0.175 0.1625