3 0.41171875 0.6609375 0.1984375 0.2
3 0.18359375 0.6453125 0.203125 0.203125
2 0.64765625 0.65703125 0.159375 0.1671875
2 0.815625 0.65546875 0.1671875 0.1671875
3 0.4046875 0.46640625 0.203125 0.20625
3 0.18125 0.42890625 0.2078125 0.209375
2 0.63984375 0.44765625 0.1671875 0.171875
2 0.8171875 0.434375 0.171875 0.171875
3 0.134375 0.20078125 0.2140625 0.2171875
3 0.39921875 0.21328125 0.2125 0.225
2 0.6421875 0.19609375 0.171875 0.1765625
2 0.8359375 0.1765625 0.1734375 0.1828125
3 0.38515625 0.85625 0.2 0.196875
3 0.19296875 0.84296875 0.19375 0.1890625
2 0.6609375 0.8546875 0.1578125 0.1578125
2 0.8203125 0.8453125 0.1578125 0.1578125