2 0.30625 0.2640625 0.1265625 0.13125
2 0.33984375 0.47890625 0.11875 0.1140625
3 0.39296875 0.6953125 0.1390625 0.1359375
2 0.38515625 0.384375 0.11875 0.11875
2 0.440625 0.59296875 0.1125 0.109375
2 0.4171875 0.27109375 0.125 0.125
3 0.4625 0.478125 0.140625 0.140625
2 0.50703125 0.725 0.1078125 0.103125
3 0.5125 0.35625 0.1453125 0.1453125
3 0.56796875 0.5609375 0.140625 0.1390625
3 0.6078125 0.6765625 0.1390625 0.1265625
2 0.60234375 0.26640625 0.125 0.1265625
2 0.6265625 0.459375 0.11875 0.1140625
3 0.70234375 0.57265625 0.1453125 0.1359375
3 0.72109375 0.3765625 0.1578125 0.15
3 0.321875 0.5921875 0.15 0.134375