3 0.4265625 0.6671875 0.1875 0.190625
3 0.203125 0.659375 0.1921875 0.1921875
2 0.65625 0.65625 0.1515625 0.159375
2 0.8203125 0.6484375 0.159375 0.159375
3 0.4125 0.478125 0.1921875 0.19375
3 0.19375 0.4484375 0.19375 0.196875
2 0.64140625 0.4515625 0.159375 0.1625
2 0.81484375 0.4328125 0.1625 0.1625
3 0.140625 0.228125 0.203125 0.2046875
3 0.39921875 0.23125 0.2 0.2125
2 0.63515625 0.20625 0.1609375 0.16875
2 0.8234375 0.18046875 0.1625 0.171875
3 0.4078125 0.85859375 0.190625 0.184375
3 0.21953125 0.85234375 0.1828125 0.178125
2 0.67578125 0.84765625 0.1484375 0.1484375
2 0.83203125 0.8328125 0.1484375 0.1484375