3 0.37421875 0.19140625 0.2234375 0.2203125
3 0.3625 0.40390625 0.2203125 0.2203125
2 0.3484375 0.71796875 0.184375 0.184375
2 0.3296875 0.9109375 0.1796875 0.1609375
3 0.590625 0.19453125 0.2203125 0.23125
3 0.56796875 0.4484375 0.2328125 0.2328125
2 0.5609375 0.7296875 0.1796875 0.1859375
2 0.56484375 0.92421875 0.1890625 0.1515625
3 0.80625 0.4609375 0.2484375 0.2453125
3 0.84140625 0.22265625 0.24375 0.2375
2 0.8265625 0.73671875 0.2015625 0.1953125
2 0.80703125 0.9375 0.2046875 0.125
3 0.18359375 0.153125 0.209375 0.2140625
3 0.15390625 0.38828125 0.215625 0.215625
2 0.11953125 0.8921875 0.1734375 0.1375
2 0.159375 0.69140625 0.1765625 0.184375