3 0.63515625 0.46640625 0.18125 0.18125
3 0.65234375 0.6671875 0.175 0.184375
2 0.56953125 0.28046875 0.15 0.15
2 0.54453125 0.12265625 0.1484375 0.1515625
3 0.49453125 0.703125 0.1828125 0.190625
3 0.4640625 0.48203125 0.1859375 0.1859375
2 0.39453125 0.12265625 0.15 0.15
2 0.40078125 0.2984375 0.1546875 0.1546875
2 0.24453125 0.3 0.165625 0.1609375
2 0.22109375 0.13515625 0.159375 0.1671875
3 0.26796875 0.76328125 0.2109375 0.203125
3 0.234375 0.4859375 0.20625 0.19375
3 0.83046875 0.6484375 0.1625 0.184375
3 0.7984375 0.459375 0.165625 0.175
2 0.6984375 0.11953125 0.140625 0.146875
2 0.71171875 0.27265625 0.1359375 0.14375