3 0.6171875 0.371875 0.1921875 0.1765625
3 0.61171875 0.175 0.1890625 0.18125
3 0.5984375 0.7796875 0.19375 0.196875
3 0.59375 0.56015625 0.18125 0.18125
2 0.35390625 0.821875 0.1609375 0.1609375
2 0.340625 0.58359375 0.15625 0.15625
2 0.33515625 0.2140625 0.153125 0.146875
2 0.32265625 0.38984375 0.15625 0.15
2 0.13984375 0.8203125 0.1609375 0.1609375
2 0.14140625 0.60234375 0.15625 0.1546875
2 0.1390625 0.39921875 0.15625 0.15
2 0.1265625 0.19921875 0.153125 0.1640625
3 0.828125 0.56171875 0.203125 0.1875
3 0.821875 0.7859375 0.196875 0.203125
3 0.828125 0.18046875 0.184375 0.178125
3 0.809375 0.36015625 0.19375 0.18125