3 0.33515625 0.58984375 0.215625 0.2125
3 0.36953125 0.8140625 0.2171875 0.2171875
2 0.31796875 0.3578125 0.1765625 0.1703125
2 0.30546875 0.19140625 0.178125 0.178125
3 0.52734375 0.58046875 0.21875 0.2171875
3 0.584375 0.7984375 0.221875 0.21875
2 0.52578125 0.346875 0.1828125 0.178125
2 0.5234375 0.17109375 0.1828125 0.1828125
3 0.81328125 0.82421875 0.23125 0.2296875
3 0.77734375 0.5640625 0.2375 0.228125
2 0.7734375 0.3234375 0.1875 0.1828125
2 0.7765625 0.13046875 0.19375 0.184375
3 0.14453125 0.63359375 0.209375 0.2140625
3 0.17421875 0.821875 0.2015625 0.2046875
2 0.12265625 0.36171875 0.1671875 0.1671875
2 0.1171875 0.20234375 0.165625 0.1671875