2 0.4046875 0.434375 0.153125 0.15
2 0.3890625 0.25234375 0.1484375 0.1484375
2 0.43125 0.615625 0.165625 0.1546875
2 0.459375 0.821875 0.1546875 0.1546875
1 0.59921875 0.234375 0.165625 0.165625
1 0.6171875 0.41640625 0.165625 0.1671875
1 0.63671875 0.6125 0.165625 0.16875
1 0.66171875 0.83046875 0.16875 0.16875
1 0.78984375 0.225 0.159375 0.1546875
1 0.859375 0.82734375 0.175 0.1703125
1 0.846875 0.5921875 0.1703125 0.1796875
1 0.83359375 0.37890625 0.16875 0.16875
2 0.21953125 0.65703125 0.15625 0.1546875
2 0.1859375 0.26484375 0.1578125 0.15
2 0.2484375 0.87109375 0.1625 0.1546875
2 0.2265625 0.47265625 0.1609375 0.15