3 0.3375 0.47734375 0.1953125 0.1921875
3 0.3171875 0.275 0.1890625 0.184375
2 0.40625 0.66796875 0.159375 0.1546875
2 0.43046875 0.83125 0.165625 0.1609375
3 0.48515625 0.2390625 0.1875 0.190625
3 0.515625 0.45546875 0.1953125 0.1921875
2 0.59296875 0.815625 0.1609375 0.1609375
2 0.5765625 0.6390625 0.159375 0.1546875
2 0.73671875 0.628125 0.159375 0.1578125
2 0.76171875 0.79453125 0.1609375 0.1625
3 0.703125 0.184375 0.2046875 0.2
3 0.7453125 0.44609375 0.2046875 0.196875
3 0.134375 0.29453125 0.1859375 0.1859375
3 0.1609375 0.48828125 0.1828125 0.1890625
2 0.2671875 0.846875 0.153125 0.1546875
2 0.2578125 0.68046875 0.15625 0.15