2 0.33046875 0.65546875 0.146875 0.1484375
2 0.4671875 0.63984375 0.14375 0.1453125
1 0.6125 0.61328125 0.1625 0.16875
1 0.765625 0.54921875 0.1703125 0.1875
2 0.22109375 0.56875 0.1484375 0.1421875
1 0.3609375 0.509375 0.159375 0.16875
2 0.51015625 0.5046875 0.14375 0.14375
1 0.234375 0.41953125 0.1625 0.1578125
1 0.59453125 0.3796875 0.1609375 0.1640625
1 0.4359375 0.378125 0.165625 0.16875
2 0.76171875 0.35390625 0.1578125 0.1578125
2 0.3171875 0.2859375 0.1515625 0.1453125
1 0.6625 0.2234375 0.165625 0.16875
2 0.484375 0.225 0.1453125 0.15625
2 0.5453125 0.75703125 0.1515625 0.1578125
1 0.72265625 0.73828125 0.18125 0.1703125