2 0.6734375 0.2171875 0.16875 0.16875
2 0.6078125 0.5453125 0.1625 0.1671875
2 0.5484375 0.8640625 0.165625 0.1734375
1 0.61875 0.371875 0.1765625 0.1796875
2 0.51328125 0.72421875 0.159375 0.1671875
1 0.56484375 0.09140625 0.1921875 0.1828125
2 0.53203125 0.24375 0.165625 0.1640625
1 0.46171875 0.5796875 0.1859375 0.1859375
1 0.3953125 0.9 0.19375 0.2
1 0.46796875 0.40859375 0.1921875 0.190625
2 0.36171875 0.7390625 0.1765625 0.1796875
1 0.37734375 0.2640625 0.2015625 0.1890625
2 0.33203125 0.47578125 0.171875 0.175
1 0.3484375 0.08828125 0.2 0.1765625
1 0.2546875 0.63203125 0.21875 0.2015625
2 0.2140625 0.8203125 0.1796875 0.1796875
1 0.2171875 0.32890625 0.209375 0.2
2 0.1703125 0.4921875 0.1828125 0.1703125
2 0.20234375 0.16328125 0.1921875 0.1875
1 0.8703125 0.49375 0.1671875 0.178125
2 0.821875 0.734375 0.153125 0.1625
1 0.7625 0.603125 0.1703125 0.178125
1 0.68984375 0.865625 0.1703125 0.178125
2 0.76640625 0.3171875 0.159375 0.1671875
2 0.7296875 0.4546875 0.1578125 0.1609375
1 0.65234375 0.7125 0.1765625 0.184375