2 0.73984375 0.69140625 0.1421875 0.134375
2 0.50234375 0.69140625 0.1234375 0.128125
3 0.26015625 0.671875 0.146875 0.1484375
2 0.59921875 0.62734375 0.128125 0.128125
2 0.36484375 0.60234375 0.1171875 0.1234375
2 0.715625 0.57265625 0.1328125 0.1328125
3 0.48203125 0.55859375 0.1515625 0.1515625
2 0.2109375 0.553125 0.1109375 0.115625
3 0.60546875 0.48515625 0.15625 0.15625
3 0.378125 0.459375 0.1484375 0.1515625
3 0.24609375 0.43515625 0.134375 0.15
2 0.68671875 0.371875 0.1359375 0.134375
2 0.478125 0.37890625 0.1234375 0.128125
3 0.3390625 0.3171875 0.146875 0.15625
3 0.55078125 0.2625 0.1609375 0.1703125
3 0.3859375 0.7296875 0.1453125 0.1625