3 0.6171875 0.38671875 0.228125 0.2234375
3 0.85234375 0.4265625 0.228125 0.2203125
2 0.396875 0.40390625 0.184375 0.1765625
2 0.21015625 0.37734375 0.1953125 0.1875
3 0.84375 0.6234375 0.24375 0.221875
3 0.58828125 0.58515625 0.2203125 0.228125
2 0.17578125 0.55859375 0.190625 0.1921875
2 0.38046875 0.596875 0.1875 0.1921875
2 0.3359375 0.77109375 0.1875 0.1921875
2 0.1546875 0.75078125 0.2046875 0.2015625
3 0.828125 0.8703125 0.2453125 0.240625
3 0.53828125 0.83515625 0.2375 0.2453125
3 0.66484375 0.1875 0.2171875 0.2125
3 0.878125 0.22421875 0.215625 0.2171875
2 0.246875 0.196875 0.178125 0.18125
2 0.4296875 0.23984375 0.1796875 0.1671875