2 0.51171875 0.7921875 0.1734375 0.14375
2 0.72890625 0.68359375 0.1765625 0.14375
3 0.36953125 0.72265625 0.228125 0.18125
3 0.56171875 0.66328125 0.215625 0.16875
2 0.15078125 0.72421875 0.178125 0.1390625
2 0.8671875 0.51875 0.1765625 0.1484375
3 0.6921875 0.540625 0.221875 0.1703125
3 0.290625 0.59140625 0.228125 0.18125
2 0.08203125 0.62109375 0.153125 0.14375
2 0.47421875 0.5546875 0.1890625 0.1453125
2 0.14609375 0.50546875 0.1953125 0.1515625
3 0.56015625 0.4296875 0.23125 0.1875
3 0.78125 0.3921875 0.234375 0.1875
3 0.34609375 0.4421875 0.2328125 0.1828125
3 0.4609375 0.28828125 0.2421875 0.2
2 0.25546875 0.30703125 0.2015625 0.1703125