2 0.6421875 0.20390625 0.165625 0.165625
2 0.64609375 0.56015625 0.1578125 0.165625
2 0.65390625 0.90546875 0.1609375 0.171875
1 0.61875 0.3765625 0.171875 0.1765625
2 0.5875 0.76796875 0.1546875 0.165625
1 0.50078125 0.09453125 0.1890625 0.184375
2 0.5 0.26328125 0.1625 0.1609375
1 0.5015625 0.62734375 0.184375 0.184375
1 0.50078125 0.9390625 0.1859375 0.121875
1 0.46953125 0.4484375 0.1890625 0.1859375
2 0.43203125 0.81640625 0.171875 0.1765625
1 0.34375 0.31796875 0.2 0.184375
2 0.34375 0.54921875 0.1671875 0.1703125
1 0.27265625 0.13125 0.196875 0.19375
1 0.296875 0.728125 0.215625 0.196875
2 0.29609375 0.92265625 0.1765625 0.1546875
1 0.190625 0.42109375 0.2046875 0.19375
2 0.17890625 0.6015625 0.1828125 0.1671875
2 0.1390625 0.25234375 0.1890625 0.184375
1 0.9078125 0.44921875 0.1625 0.1765625
2 0.9109375 0.71015625 0.1484375 0.1609375
1 0.81953125 0.58671875 0.1671875 0.1765625
1 0.803125 0.87578125 0.1671875 0.1765625
2 0.7609375 0.2875 0.1546875 0.165625
2 0.75234375 0.4390625 0.1546875 0.1578125
1 0.72890625 0.725 0.171875 0.1828125