2 0.6703125 0.50625 0.1515625 0.1453125
1 0.628125 0.65390625 0.1734375 0.1734375
2 0.6171875 0.36484375 0.1515625 0.1515625
1 0.52890625 0.7859375 0.1734375 0.18125
1 0.51953125 0.53515625 0.171875 0.1625
2 0.4765625 0.38671875 0.1546875 0.1515625
1 0.4109375 0.6515625 0.1734375 0.1734375
2 0.36875 0.8015625 0.1515625 0.1515625
2 0.38203125 0.2828125 0.1453125 0.1484375
1 0.3609375 0.50078125 0.16875 0.16875
2 0.2625 0.6203125 0.1453125 0.1453125
1 0.26328125 0.37265625 0.16875 0.171875
2 0.22265625 0.7625 0.1546875 0.1515625
1 0.1671875 0.50390625 0.1734375 0.16875
2 0.78125 0.6046875 0.1484375 0.1515625
1 0.77109375 0.390625 0.171875 0.165625