2 0.80390625 0.515625 0.1453125 0.178125
2 0.7015625 0.75078125 0.1453125 0.18125
3 0.721875 0.36953125 0.18125 0.234375
3 0.67109375 0.57734375 0.1671875 0.2203125
2 0.71171875 0.140625 0.1421875 0.1875
2 0.53515625 0.90546875 0.15 0.18125
3 0.54765625 0.71875 0.1734375 0.2296875
3 0.5796875 0.29609375 0.18125 0.234375
2 0.5984375 0.07578125 0.14375 0.146875
2 0.5515625 0.49140625 0.146875 0.19375
2 0.48125 0.14765625 0.1515625 0.2
3 0.42421875 0.5859375 0.1875 0.2375
3 0.396875 0.82109375 0.1875 0.2390625
3 0.42578125 0.36328125 0.18125 0.2390625
3 0.2703125 0.4921875 0.2 0.2484375
2 0.27734375 0.27578125 0.1703125 0.2046875