3 0.63203125 0.3921875 0.1859375 0.2
3 0.82109375 0.378125 0.1921875 0.1984375
3 0.24453125 0.45078125 0.20625 0.20625
3 0.4546875 0.43359375 0.1921875 0.1921875
2 0.2296875 0.6890625 0.1703125 0.1703125
2 0.45703125 0.678125 0.1640625 0.1640625
2 0.81171875 0.64609375 0.1546875 0.159375
2 0.6453125 0.675 0.159375 0.1625
2 0.25234375 0.89296875 0.1703125 0.1703125
2 0.46015625 0.8703125 0.1609375 0.1640625
2 0.65390625 0.8515625 0.159375 0.1625
2 0.846875 0.84375 0.1703125 0.1609375
3 0.4296875 0.209375 0.1984375 0.2109375
3 0.21640625 0.2390625 0.2125 0.2078125
3 0.79375 0.17109375 0.1890625 0.19375
3 0.62421875 0.20703125 0.19375 0.2046875