3 0.65 0.603125 0.1953125 0.1953125
3 0.6015625 0.42578125 0.18125 0.19375
2 0.56875 0.759375 0.1546875 0.159375
2 0.50546875 0.21015625 0.1515625 0.15625
2 0.49375 0.62734375 0.1578125 0.165625
3 0.43671875 0.34921875 0.196875 0.19375
2 0.40078125 0.74453125 0.15625 0.1703125
3 0.37421875 0.521875 0.196875 0.2
2 0.26796875 0.33984375 0.165625 0.1578125
2 0.28359375 0.853125 0.1640625 0.1703125
3 0.24453125 0.66875 0.2140625 0.21875
3 0.1578125 0.475 0.215625 0.2140625
2 0.78984375 0.525 0.14375 0.1546875
3 0.76171875 0.36796875 0.1859375 0.184375
3 0.7328125 0.7640625 0.1875 0.20625
2 0.646875 0.24453125 0.14375 0.15