3 0.6921875 0.471875 0.2453125 0.23125
2 0.621875 0.1546875 0.19375 0.1890625
2 0.6125 0.31328125 0.1921875 0.1796875
3 0.6265625 0.6578125 0.234375 0.2328125
3 0.459375 0.2265625 0.2390625 0.2421875
2 0.5609375 0.83046875 0.1953125 0.190625
2 0.46484375 0.409375 0.2 0.1875
2 0.465625 0.56640625 0.2 0.190625
2 0.4421875 0.734375 0.1859375 0.190625
3 0.25078125 0.24140625 0.2515625 0.2484375
3 0.2859375 0.440625 0.2546875 0.2421875
3 0.2765625 0.65 0.2515625 0.2515625
3 0.8921875 0.44140625 0.215625 0.2265625
3 0.78125 0.28125 0.2390625 0.2390625
2 0.81796875 0.596875 0.190625 0.1953125
2 0.778125 0.74765625 0.1875 0.1828125