2 0.396875 0.18828125 0.1671875 0.165625
2 0.375 0.52890625 0.159375 0.1640625
2 0.35 0.85859375 0.1625 0.1703125
1 0.4109375 0.3546875 0.171875 0.178125
2 0.42109375 0.7296875 0.15625 0.1640625
1 0.534375 0.090625 0.1875 0.18125
2 0.52734375 0.2515625 0.1625 0.1609375
1 0.5078125 0.60078125 0.18125 0.18125
1 0.4921875 0.91796875 0.1875 0.1640625
1 0.54921875 0.43046875 0.1890625 0.1859375
2 0.5640625 0.784375 0.171875 0.178125
1 0.67421875 0.31171875 0.196875 0.184375
2 0.66328125 0.5328125 0.16875 0.171875
1 0.75390625 0.1359375 0.196875 0.1953125
1 0.70078125 0.70703125 0.2140625 0.1984375
2 0.690625 0.903125 0.178125 0.175
1 0.8171875 0.41796875 0.2046875 0.196875
2 0.81796875 0.590625 0.18125 0.16875
2 0.8765625 0.259375 0.1890625 0.184375
1 0.13046875 0.40859375 0.1625 0.1765625
2 0.11171875 0.6578125 0.1484375 0.159375
1 0.2046875 0.5453125 0.165625 0.1765625
1 0.20703125 0.82109375 0.1671875 0.1796875
2 0.27890625 0.2625 0.15625 0.1640625
2 0.2765625 0.40703125 0.1546875 0.1578125
1 0.28671875 0.68203125 0.1734375 0.18125