3 0.7328125 0.2046875 0.2046875 0.196875
3 0.709375 0.415625 0.2 0.2
2 0.640625 0.82734375 0.165625 0.159375
2 0.64453125 0.628125 0.159375 0.165625
3 0.5296875 0.190625 0.2046875 0.2
3 0.50703125 0.40546875 0.20625 0.2046875
2 0.4671875 0.61875 0.165625 0.16875
2 0.43203125 0.809375 0.1765625 0.1765625
3 0.309375 0.16171875 0.209375 0.2015625
3 0.28828125 0.37421875 0.215625 0.2015625
2 0.2640625 0.584375 0.165625 0.1703125
2 0.2359375 0.79453125 0.1765625 0.178125
3 0.91640625 0.23984375 0.1671875 0.1921875
3 0.90234375 0.434375 0.1953125 0.196875
2 0.85234375 0.66171875 0.159375 0.159375
2 0.82109375 0.83515625 0.159375 0.165625