3 0.48515625 0.5703125 0.25 0.2375
2 0.41796875 0.3265625 0.196875 0.19375
3 0.49296875 0.79921875 0.2453125 0.2390625
2 0.37265625 0.1484375 0.2015625 0.2
3 0.225 0.61875 0.2609375 0.259375
3 0.26640625 0.88359375 0.2578125 0.2328125
2 0.15625 0.371875 0.2140625 0.2109375
2 0.1046875 0.17109375 0.209375 0.2140625
3 0.89296875 0.50859375 0.2140625 0.2203125
3 0.90390625 0.71640625 0.1921875 0.2296875
2 0.8328125 0.228125 0.178125 0.178125
2 0.79140625 0.08046875 0.1828125 0.1609375
3 0.68828125 0.51953125 0.2203125 0.2296875
2 0.60078125 0.1 0.1890625 0.1921875
2 0.63046875 0.27734375 0.2015625 0.19375
3 0.71328125 0.7625 0.2296875 0.234375