2 0.8171875 0.59140625 0.1734375 0.159375
3 0.4703125 0.6359375 0.209375 0.209375
3 0.6375 0.56484375 0.2015625 0.2078125
2 0.3078125 0.56953125 0.1734375 0.1640625
2 0.8328125 0.4578125 0.1625 0.1578125
2 0.428125 0.4859375 0.16875 0.16875
3 0.69375 0.3953125 0.2046875 0.2125
2 0.30625 0.396875 0.1734375 0.1984375
3 0.52109375 0.34453125 0.20625 0.21875
2 0.6828125 0.2265625 0.1703125 0.1828125
2 0.1859375 0.2984375 0.18125 0.1890625
3 0.36796875 0.23828125 0.2203125 0.2296875
3 0.54453125 0.1328125 0.2171875 0.2296875
2 0.55703125 0.76484375 0.1609375 0.1546875
3 0.70859375 0.7265625 0.2015625 0.19375
3 0.31328125 0.7328125 0.2125 0.2046875