3 0.49921875 0.33515625 0.196875 0.19375
2 0.18046875 0.33515625 0.1515625 0.1484375
2 0.3359375 0.36484375 0.1484375 0.1578125
2 0.8046875 0.3890625 0.159375 0.1515625
2 0.64453125 0.390625 0.1484375 0.146875
3 0.228125 0.48828125 0.2 0.19375
3 0.42421875 0.49765625 0.2 0.19375
3 0.75703125 0.5375 0.2015625 0.190625
2 0.58828125 0.53359375 0.171875 0.1625
2 0.30390625 0.6453125 0.159375 0.1671875
3 0.48359375 0.671875 0.2 0.19375
3 0.678125 0.7140625 0.19375 0.2046875
2 0.4375 0.17890625 0.146875 0.1484375
2 0.58203125 0.18984375 0.1515625 0.146875
3 0.284375 0.215625 0.19375 0.178125
3 0.73671875 0.2359375 0.190625 0.19375