2 0.23203125 0.484375 0.13125 0.1625
2 0.3265625 0.26953125 0.1328125 0.1640625
3 0.31015625 0.61796875 0.1671875 0.2140625
3 0.353125 0.43046875 0.153125 0.2015625
2 0.31875 0.82890625 0.1265625 0.1671875
2 0.48125 0.12890625 0.1375 0.165625
3 0.46796875 0.2984375 0.1578125 0.2109375
3 0.43671875 0.6875 0.1671875 0.2140625
2 0.4203125 0.90546875 0.134375 0.1734375
2 0.4640625 0.50859375 0.1328125 0.1765625
2 0.52734375 0.82265625 0.1390625 0.184375
3 0.5796875 0.41953125 0.171875 0.2171875
3 0.6046875 0.20546875 0.171875 0.21875
3 0.58125 0.6265625 0.1671875 0.21875
3 0.71953125 0.5078125 0.184375 0.228125
2 0.71328125 0.70625 0.15625 0.1890625