2 0.21328125 0.66484375 0.1546875 0.15625
2 0.61484375 0.64296875 0.1453125 0.15625
2 0.43125 0.64609375 0.1453125 0.1453125
2 0.80859375 0.62109375 0.140625 0.1484375
1 0.17734375 0.43671875 0.1703125 0.1609375
1 0.8125 0.39375 0.1671875 0.165625
1 0.3859375 0.4015625 0.1609375 0.171875
1 0.58671875 0.37421875 0.15625 0.1609375
1 0.15078125 0.2234375 0.1609375 0.178125
1 0.80078125 0.18828125 0.1640625 0.171875
1 0.3671875 0.19609375 0.1640625 0.1609375
1 0.58046875 0.18515625 0.15625 0.1609375
2 0.21953125 0.846875 0.14375 0.1484375
2 0.43515625 0.8109375 0.146875 0.15625
2 0.80859375 0.79296875 0.140625 0.15625
2 0.6125 0.79453125 0.1515625 0.1515625