3 0.3859375 0.36015625 0.203125 0.196875
3 0.15234375 0.37109375 0.203125 0.1921875
2 0.59765625 0.40390625 0.1640625 0.15625
2 0.7828125 0.39921875 0.171875 0.165625
3 0.13828125 0.56328125 0.21875 0.19375
3 0.38984375 0.55703125 0.1921875 0.203125
2 0.79453125 0.58046875 0.16875 0.171875
2 0.590625 0.59296875 0.165625 0.1703125
2 0.61328125 0.7671875 0.165625 0.1703125
2 0.79140625 0.76875 0.18125 0.1765625
3 0.1234375 0.8046875 0.215625 0.2125
3 0.41015625 0.8046875 0.2109375 0.215625
3 0.36328125 0.16171875 0.1921875 0.1875
3 0.1515625 0.17109375 0.190625 0.1921875
2 0.76875 0.2203125 0.15625 0.1609375
2 0.58515625 0.23984375 0.1609375 0.1453125