2 0.490625 0.221875 0.178125 0.140625
2 0.72265625 0.321875 0.1828125 0.14375
1 0.3453125 0.30703125 0.2296875 0.1921875
1 0.55390625 0.35078125 0.234375 0.18125
2 0.12109375 0.31953125 0.19375 0.1453125
2 0.875 0.48671875 0.1921875 0.1546875
1 0.690625 0.47578125 0.2296875 0.1875
1 0.27265625 0.4453125 0.2328125 0.1875
2 0.065625 0.42578125 0.13125 0.1390625
2 0.46484375 0.47109375 0.1875 0.14375
2 0.128125 0.54296875 0.20625 0.159375
1 0.56953125 0.5984375 0.2484375 0.19375
1 0.79296875 0.62578125 0.2421875 0.190625
1 0.33984375 0.6 0.2359375 0.190625
1 0.46328125 0.74765625 0.2484375 0.1984375
2 0.25078125 0.7375 0.2015625 0.1640625