2 0.440625 0.184375 0.16875 0.165625
2 0.41953125 0.603125 0.1671875 0.1578125
2 0.43515625 0.4140625 0.15625 0.15625
2 0.41953125 0.80546875 0.159375 0.15
1 0.6796875 0.171875 0.171875 0.1796875
1 0.65390625 0.83203125 0.175 0.1796875
1 0.69296875 0.3921875 0.1859375 0.171875
1 0.7 0.60078125 0.1734375 0.16875
1 0.9015625 0.1703125 0.190625 0.1734375
1 0.86796875 0.84453125 0.1859375 0.1765625
1 0.9078125 0.3953125 0.1734375 0.175
1 0.8953125 0.61796875 0.1734375 0.16875
2 0.253125 0.1734375 0.15625 0.153125
2 0.2640625 0.39921875 0.1671875 0.1578125
2 0.24296875 0.7875 0.1671875 0.1515625
2 0.2625 0.58125 0.1640625 0.1640625