2 0.1796875 0.60390625 0.1578125 0.1421875
3 0.53203125 0.60625 0.190625 0.190625
3 0.35625 0.55625 0.18125 0.190625
2 0.68515625 0.51875 0.1578125 0.1484375
2 0.1484375 0.471875 0.1484375 0.1421875
2 0.55546875 0.45078125 0.1515625 0.1515625
3 0.2796875 0.39296875 0.184375 0.1953125
2 0.66640625 0.34765625 0.153125 0.1828125
3 0.4453125 0.321875 0.184375 0.2
2 0.26953125 0.2234375 0.153125 0.1671875
2 0.775 0.23359375 0.1640625 0.1734375
3 0.5859375 0.196875 0.196875 0.209375
3 0.39609375 0.11328125 0.1953125 0.209375
2 0.4609375 0.74453125 0.1484375 0.1390625
3 0.30625 0.72578125 0.184375 0.175
3 0.7 0.6828125 0.1953125 0.184375