2 0.48828125 0.7625 0.1515625 0.11875
2 0.709375 0.70078125 0.153125 0.11875
3 0.36875 0.66875 0.2 0.15
3 0.5578125 0.65234375 0.190625 0.1375
2 0.16640625 0.63203125 0.15625 0.1140625
2 0.86796875 0.56953125 0.1546875 0.1234375
3 0.7015625 0.559375 0.1984375 0.140625
3 0.31875 0.5359375 0.2 0.15
2 0.10546875 0.521875 0.1640625 0.121875
2 0.49609375 0.534375 0.165625 0.1203125
2 0.2 0.43046875 0.1734375 0.125
3 0.59921875 0.43359375 0.2015625 0.1546875
3 0.81015625 0.4390625 0.2046875 0.1546875
3 0.39765625 0.4046875 0.2046875 0.15
3 0.5328125 0.28515625 0.2125 0.1671875
2 0.33828125 0.265625 0.1765625 0.1421875