2 0.50859375 0.24375 0.1515625 0.1171875
2 0.2890625 0.3 0.15625 0.1203125
1 0.62109375 0.3390625 0.1953125 0.159375
1 0.43515625 0.34765625 0.2015625 0.15
2 0.815625 0.378125 0.165625 0.1203125
2 0.13359375 0.421875 0.1640625 0.1296875
1 0.296875 0.43828125 0.196875 0.1546875
1 0.665625 0.46953125 0.1984375 0.1546875
2 0.87265625 0.4828125 0.1625 0.1203125
2 0.496875 0.46328125 0.1625 0.1203125
2 0.778125 0.571875 0.175 0.1328125
1 0.3875 0.5625 0.2109375 0.1609375
1 0.1859375 0.55546875 0.2078125 0.159375
1 0.58515625 0.59296875 0.2015625 0.1578125
1 0.46015625 0.70703125 0.2109375 0.1671875
2 0.64609375 0.725 0.171875 0.1359375