2 0.24296875 0.5109375 0.1140625 0.15
2 0.3171875 0.72578125 0.1171875 0.1546875
1 0.328125 0.390625 0.1578125 0.1921875
1 0.35390625 0.5765625 0.146875 0.2
2 0.35 0.1921875 0.11875 0.1640625
2 0.4546875 0.87109375 0.128125 0.1640625
1 0.45546875 0.70625 0.153125 0.1953125
1 0.45546875 0.334375 0.153125 0.1984375
2 0.45 0.12578125 0.1171875 0.159375
2 0.46328125 0.50390625 0.1171875 0.159375
2 0.546875 0.21328125 0.13125 0.1765625
1 0.571875 0.6046875 0.159375 0.209375
1 0.5828125 0.80703125 0.1546875 0.2046875
1 0.5859375 0.40390625 0.1546875 0.2
1 0.71015625 0.51953125 0.1640625 0.209375
2 0.7125 0.33125 0.134375 0.1703125