3 0.3484375 0.3484375 0.1828125 0.19375
2 0.178125 0.43125 0.1609375 0.1609375
2 0.62109375 0.44375 0.1375 0.1453125
3 0.7796875 0.4671875 0.175 0.1828125
3 0.46953125 0.48125 0.1875 0.18125
3 0.465625 0.48515625 0.18125 0.19375
2 0.30078125 0.51796875 0.165625 0.15625
3 0.6234375 0.6046875 0.19375 0.19375
2 0.784375 0.6296875 0.14375 0.153125
2 0.46015625 0.65078125 0.1609375 0.1609375
3 0.2890625 0.6828125 0.1953125 0.203125
3 0.44609375 0.82734375 0.20625 0.2078125
2 0.54765625 0.16796875 0.1359375 0.1328125
3 0.3859375 0.17421875 0.190625 0.1703125
2 0.196875 0.28515625 0.1484375 0.14375
3 0.53125 0.31484375 0.175 0.1703125
2 0.69375 0.32578125 0.140625 0.14375