2 0.66171875 0.3234375 0.153125 0.15
2 0.64140625 0.46015625 0.15 0.1484375
1 0.61015625 0.60390625 0.175 0.1671875
1 0.540625 0.7546875 0.1921875 0.1765625
2 0.57890625 0.2109375 0.146875 0.153125
1 0.51484375 0.3515625 0.175 0.1640625
2 0.5046875 0.49765625 0.1484375 0.1484375
1 0.4296875 0.221875 0.1640625 0.1671875
1 0.37734375 0.57734375 0.1703125 0.1671875
1 0.38125 0.421875 0.175 0.1703125
2 0.34609375 0.74609375 0.1640625 0.165625
2 0.29296875 0.2984375 0.15 0.153125
1 0.21875 0.63984375 0.175 0.1703125
2 0.2265625 0.4640625 0.1609375 0.1515625
2 0.75625 0.54296875 0.1625 0.1546875
1 0.73125 0.71796875 0.1765625 0.1859375