2 0.4140625 0.43203125 0.1671875 0.15625
2 0.4171875 0.2140625 0.1625 0.1625
2 0.4140625 0.6109375 0.1515625 0.146875
2 0.4125 0.80703125 0.15625 0.14375
1 0.6 0.2015625 0.1671875 0.171875
1 0.6171875 0.4125 0.178125 0.1625
1 0.62109375 0.61796875 0.171875 0.1625
1 0.6359375 0.80234375 0.171875 0.1625
1 0.8046875 0.215625 0.178125 0.178125
1 0.8203125 0.6109375 0.184375 0.1625
1 0.82734375 0.42578125 0.1828125 0.1625
1 0.83828125 0.80234375 0.171875 0.159375
2 0.209375 0.20078125 0.159375 0.1546875
2 0.21953125 0.4234375 0.1625 0.146875
2 0.23671875 0.603125 0.15625 0.146875
2 0.23828125 0.8109375 0.15625 0.146875