3 0.5890625 0.65234375 0.2046875 0.2
3 0.803125 0.6234375 0.2046875 0.196875
2 0.38828125 0.62890625 0.165625 0.15625
2 0.215625 0.64765625 0.1734375 0.1671875
3 0.80390625 0.44296875 0.2203125 0.1984375
3 0.56875 0.46875 0.196875 0.2046875
2 0.190625 0.48046875 0.16875 0.1703125
2 0.37578125 0.45234375 0.1671875 0.1703125
2 0.34375 0.290625 0.1671875 0.1703125
2 0.175 0.3046875 0.1828125 0.178125
3 0.7953125 0.21640625 0.21875 0.2125
3 0.528125 0.23984375 0.2109375 0.21875
3 0.62421875 0.8359375 0.19375 0.1890625
3 0.81953125 0.809375 0.1921875 0.1953125
2 0.24140625 0.81328125 0.1578125 0.1625
2 0.41328125 0.7796875 0.1625 0.15