3 0.6921875 0.55 0.1984375 0.196875
3 0.70703125 0.76328125 0.19375 0.1890625
2 0.6234375 0.35234375 0.1625 0.1578125
2 0.60078125 0.18203125 0.16875 0.1640625
3 0.53125 0.79609375 0.1921875 0.196875
3 0.503125 0.56953125 0.1984375 0.196875
2 0.4296875 0.1953125 0.1625 0.1625
2 0.44296875 0.3796875 0.1625 0.1578125
2 0.2765625 0.38671875 0.1625 0.1578125
2 0.253125 0.2125 0.1640625 0.165625
3 0.303125 0.8484375 0.2109375 0.203125
3 0.26484375 0.5765625 0.209375 0.1984375
3 0.89921875 0.74375 0.1921875 0.1921875
3 0.87265625 0.54296875 0.1859375 0.1921875
2 0.771875 0.1671875 0.1578125 0.1578125
2 0.7765625 0.340625 0.1609375 0.15625