2 0.66015625 0.52578125 0.159375 0.1546875
1 0.603125 0.66328125 0.1828125 0.1828125
2 0.6265625 0.3890625 0.1609375 0.1609375
1 0.49453125 0.7734375 0.1828125 0.190625
1 0.51484375 0.5359375 0.18125 0.1734375
2 0.48984375 0.3921875 0.1625 0.1609375
1 0.39765625 0.6359375 0.1828125 0.1828125
2 0.34140625 0.77421875 0.1625 0.1609375
2 0.41328125 0.2796875 0.1546875 0.15625
1 0.36796875 0.48671875 0.1765625 0.1765625
2 0.2609375 0.5859375 0.153125 0.153125
1 0.290625 0.3546875 0.178125 0.1796875
2 0.20625 0.7171875 0.1625 0.1609375
1 0.184375 0.46484375 0.18125 0.178125
2 0.75390625 0.63125 0.1578125 0.1609375
1 0.76953125 0.42734375 0.18125 0.1765625