2 0.58203125 0.434375 0.1625 0.1671875
2 0.7671875 0.4046875 0.1609375 0.1609375
2 0.3984375 0.47421875 0.16875 0.1765625
2 0.1890625 0.51796875 0.16875 0.16875
1 0.80078125 0.61875 0.178125 0.178125
1 0.61484375 0.65 0.18125 0.1796875
1 0.41640625 0.68515625 0.184375 0.1796875
1 0.1953125 0.725 0.1859375 0.1859375
1 0.82265625 0.8125 0.1703125 0.171875
1 0.21171875 0.915625 0.1859375 0.16875
1 0.45234375 0.89765625 0.1953125 0.1875
1 0.66875 0.86875 0.1859375 0.1859375
2 0.340625 0.26015625 0.16875 0.1703125
2 0.7390625 0.1984375 0.1625 0.1703125
2 0.1234375 0.3046875 0.16875 0.1734375
2 0.5296875 0.25390625 0.1625 0.1734375