3 0.68125 0.54765625 0.215625 0.21875
2 0.61875 0.24453125 0.178125 0.178125
2 0.5796875 0.06953125 0.18125 0.1390625
3 0.515625 0.79765625 0.21875 0.21875
3 0.48125 0.553125 0.221875 0.2203125
2 0.41796875 0.28671875 0.1859375 0.190625
2 0.35625 0.0921875 0.1828125 0.171875
3 0.28203125 0.83984375 0.2265625 0.2265625
3 0.25234375 0.60078125 0.2421875 0.2328125
2 0.16796875 0.34453125 0.1953125 0.1859375
2 0.12421875 0.12421875 0.2 0.1828125
3 0.90546875 0.728125 0.1890625 0.2125
3 0.8828125 0.50625 0.20625 0.20625
2 0.78515625 0.04765625 0.1734375 0.0953125
2 0.8015625 0.2265625 0.1703125 0.171875
3 0.725 0.75078125 0.2109375 0.21875