2 0.35234375 0.12421875 0.14375 0.1515625
2 0.33125 0.36015625 0.1375 0.1328125
3 0.3328125 0.603125 0.159375 0.1578125
2 0.40390625 0.26875 0.1375 0.1375
2 0.40859375 0.5046875 0.13125 0.1265625
2 0.46875 0.15703125 0.1453125 0.14375
3 0.46484375 0.3921875 0.1625 0.1625
2 0.44453125 0.6625 0.1234375 0.11875
3 0.546875 0.275 0.16875 0.16875
3 0.5546875 0.5046875 0.1625 0.159375
3 0.56328125 0.6375 0.159375 0.1453125
2 0.66875 0.2046875 0.1453125 0.146875
2 0.64375 0.41171875 0.1375 0.1328125
3 0.690625 0.5546875 0.1671875 0.159375
3 0.765625 0.35 0.1828125 0.1734375
3 0.2859375 0.4734375 0.171875 0.15625