3 0.815625 0.7375 0.2265625 0.2328125
3 0.5890625 0.69609375 0.228125 0.228125
2 0.15 0.58984375 0.184375 0.1890625
2 0.36484375 0.61015625 0.1890625 0.1828125
3 0.84296875 0.51953125 0.2296875 0.2359375
3 0.61484375 0.478125 0.234375 0.2359375
2 0.3859375 0.41796875 0.1921875 0.190625
2 0.1828125 0.365625 0.2015625 0.2015625
3 0.8875 0.28046875 0.225 0.2421875
3 0.66640625 0.24375 0.23125 0.24375
2 0.44140625 0.203125 0.1953125 0.190625
2 0.215625 0.15625 0.2015625 0.2015625
3 0.7625 0.91796875 0.221875 0.1640625
3 0.5546875 0.8953125 0.225 0.209375
2 0.31328125 0.83125 0.184375 0.1828125
2 0.125 0.784375 0.1890625 0.1828125