3 0.38046875 0.85078125 0.225 0.228125
2 0.29765625 0.23359375 0.2015625 0.1921875
3 0.37265625 0.6078125 0.2265625 0.221875
2 0.340625 0.42421875 0.1765625 0.1890625
3 0.5703125 0.834375 0.221875 0.2265625
2 0.50234375 0.19765625 0.1859375 0.1890625
3 0.5765625 0.60859375 0.2234375 0.221875
2 0.5515625 0.37421875 0.18125 0.184375
3 0.83203125 0.79375 0.2328125 0.21875
3 0.80546875 0.5796875 0.2328125 0.21875
2 0.7671875 0.34296875 0.184375 0.175
2 0.73515625 0.15859375 0.184375 0.171875
3 0.13046875 0.66171875 0.2359375 0.2296875
3 0.1796875 0.8890625 0.228125 0.221875
2 0.14765625 0.45234375 0.190625 0.1921875
2 0.125 0.2625 0.1890625 0.1875