3 0.590625 0.6734375 0.20625 0.209375
3 0.81953125 0.6453125 0.2125 0.2125
2 0.35546875 0.68203125 0.165625 0.1734375
2 0.18984375 0.6921875 0.175 0.175
3 0.58984375 0.4796875 0.2125 0.2140625
3 0.8078125 0.4328125 0.2140625 0.215625
2 0.35546875 0.475 0.175 0.178125
2 0.178125 0.471875 0.178125 0.178125
3 0.84296875 0.2015625 0.2265625 0.2265625
3 0.5796875 0.22734375 0.221875 0.2328125
2 0.340625 0.225 0.178125 0.184375
2 0.146875 0.215625 0.1796875 0.1890625
3 0.6265625 0.86875 0.209375 0.2046875
3 0.81953125 0.8421875 0.2 0.196875
2 0.35625 0.88125 0.1625 0.1625
2 0.19453125 0.88125 0.1625 0.1625