3 0.34765625 0.32265625 0.2203125 0.228125
2 0.178125 0.4328125 0.1921875 0.1921875
2 0.6515625 0.38828125 0.165625 0.171875
3 0.82421875 0.39140625 0.209375 0.2171875
3 0.49453125 0.446875 0.2234375 0.215625
3 0.490625 0.4515625 0.2171875 0.228125
2 0.31953125 0.509375 0.196875 0.1875
3 0.67578125 0.559375 0.2296875 0.2296875
2 0.85 0.5640625 0.171875 0.18125
2 0.50703125 0.6296875 0.190625 0.190625
3 0.328125 0.6859375 0.234375 0.240625
3 0.515625 0.81953125 0.2453125 0.246875
2 0.53671875 0.10390625 0.1640625 0.159375
3 0.365625 0.13125 0.225 0.20625
2 0.17890625 0.2734375 0.1765625 0.171875
3 0.53828125 0.26171875 0.2078125 0.203125
2 0.7140625 0.25234375 0.1671875 0.16875