3 0.48125 0.4828125 0.215625 0.203125
2 0.47109375 0.72265625 0.1703125 0.1671875
3 0.43984375 0.26953125 0.2125 0.2046875
2 0.46796875 0.89765625 0.1734375 0.171875
3 0.23046875 0.49375 0.2265625 0.2234375
3 0.20859375 0.228125 0.2203125 0.2203125
2 0.21875 0.73671875 0.1859375 0.18125
2 0.21328125 0.92109375 0.1828125 0.1578125
3 0.87109375 0.45234375 0.1859375 0.190625
3 0.85078125 0.25546875 0.190625 0.1984375
2 0.87578125 0.72578125 0.1546875 0.1546875
2 0.87265625 0.88515625 0.1578125 0.1640625
3 0.6796875 0.48671875 0.1875 0.1984375
2 0.6890625 0.89375 0.1609375 0.1671875
2 0.678125 0.72265625 0.1734375 0.1640625
3 0.6515625 0.25625 0.196875 0.2015625