3 0.46328125 0.50546875 0.2015625 0.215625
2 0.690625 0.4640625 0.165625 0.16875
3 0.2546875 0.49453125 0.203125 0.209375
2 0.85625 0.4375 0.171875 0.1734375
3 0.440625 0.265625 0.221875 0.2234375
3 0.18515625 0.28046875 0.21875 0.21875
2 0.67109375 0.221875 0.1796875 0.1828125
2 0.85625 0.18984375 0.18125 0.18125
3 0.48671875 0.88125 0.1890625 0.1828125
3 0.29609375 0.88828125 0.1953125 0.190625
2 0.74765625 0.8484375 0.153125 0.153125
2 0.8984375 0.82421875 0.1625 0.15625
3 0.49375 0.69453125 0.1953125 0.1875
2 0.88203125 0.64765625 0.165625 0.1609375
2 0.71875 0.6609375 0.1640625 0.171875
3 0.27109375 0.6984375 0.2 0.1953125