3 0.36015625 0.48828125 0.203125 0.209375
3 0.3546875 0.25078125 0.1984375 0.209375
2 0.41953125 0.70234375 0.159375 0.16875
2 0.42890625 0.89140625 0.1703125 0.178125
3 0.55 0.21953125 0.2 0.225
3 0.56171875 0.47890625 0.209375 0.196875
2 0.61484375 0.890625 0.1765625 0.171875
2 0.6125 0.684375 0.175 0.1703125
2 0.79375 0.6921875 0.175 0.1703125
2 0.80859375 0.878125 0.18125 0.1875
3 0.79609375 0.190625 0.21875 0.2234375
3 0.81796875 0.48359375 0.2234375 0.215625
3 0.1546875 0.48203125 0.1921875 0.1984375
3 0.15 0.2640625 0.1984375 0.1953125
2 0.24453125 0.89296875 0.165625 0.1625
2 0.2515625 0.7015625 0.1515625 0.165625