3 0.2546875 0.38125 0.18125 0.178125
2 0.81171875 0.384375 0.15 0.1609375
3 0.47265625 0.40390625 0.175 0.18125
2 0.63671875 0.39921875 0.153125 0.1390625
3 0.246875 0.55 0.18125 0.175
2 0.81796875 0.56953125 0.15 0.1453125
3 0.44453125 0.58359375 0.175 0.178125
2 0.65390625 0.590625 0.1453125 0.1421875
3 0.253125 0.78515625 0.171875 0.1859375
3 0.44453125 0.7890625 0.171875 0.1859375
2 0.65703125 0.784375 0.1390625 0.1484375
2 0.8234375 0.77890625 0.1359375 0.1484375
3 0.45234375 0.18515625 0.18125 0.1875
3 0.24609375 0.2 0.18125 0.18125
2 0.6359375 0.22578125 0.15 0.15
2 0.8046875 0.2296875 0.1484375 0.15