2 0.24296875 0.4984375 0.1171875 0.1484375
2 0.303125 0.71484375 0.1171875 0.1515625
3 0.334375 0.38203125 0.146875 0.1953125
3 0.35078125 0.56640625 0.134375 0.1859375
2 0.3703125 0.18203125 0.1109375 0.153125
2 0.43125 0.8703125 0.1203125 0.153125
3 0.4421875 0.70703125 0.1375 0.19375
3 0.4640625 0.33203125 0.146875 0.1953125
2 0.478125 0.12265625 0.11875 0.159375
2 0.46640625 0.50546875 0.11875 0.1625
2 0.56875 0.215625 0.121875 0.1703125
3 0.5640625 0.60703125 0.1515625 0.1984375
3 0.559375 0.8140625 0.1515625 0.2015625
3 0.59296875 0.409375 0.146875 0.2015625
3 0.709375 0.540625 0.1625 0.2078125
2 0.7296875 0.3515625 0.140625 0.171875