2 0.18046875 0.596875 0.1640625 0.15
3 0.5359375 0.61171875 0.1984375 0.1984375
3 0.3609375 0.5546875 0.190625 0.1984375
2 0.69453125 0.52890625 0.1640625 0.1546875
2 0.15390625 0.46328125 0.153125 0.1484375
2 0.56484375 0.45546875 0.159375 0.159375
3 0.28828125 0.3875 0.19375 0.203125
2 0.68046875 0.35546875 0.1625 0.190625
3 0.45859375 0.321875 0.1953125 0.209375
2 0.28515625 0.21640625 0.1609375 0.175
2 0.79453125 0.24375 0.1703125 0.18125
3 0.6046875 0.19921875 0.2078125 0.21875
3 0.41640625 0.10859375 0.2046875 0.2171875
2 0.459375 0.74921875 0.153125 0.146875
3 0.303125 0.72421875 0.1921875 0.1828125
3 0.703125 0.6953125 0.203125 0.19375