2 0.48359375 0.8234375 0.171875 0.13125
2 0.71484375 0.734375 0.1734375 0.1328125
1 0.346875 0.73515625 0.2171875 0.1796875
1 0.5515625 0.7 0.225 0.1703125
2 0.12890625 0.71640625 0.184375 0.1359375
2 0.86875 0.578125 0.1828125 0.146875
1 0.68828125 0.5828125 0.2203125 0.1734375
1 0.28046875 0.5984375 0.221875 0.1734375
2 0.07265625 0.6109375 0.1390625 0.13125
2 0.46796875 0.5796875 0.1796875 0.1328125
2 0.14375 0.49921875 0.196875 0.15
1 0.575 0.46015625 0.2359375 0.18125
1 0.79375 0.440625 0.2296875 0.1796875
1 0.3515625 0.45 0.225 0.1765625
1 0.47578125 0.31171875 0.2359375 0.1875
2 0.26875 0.3140625 0.19375 0.153125