3 0.471875 0.34921875 0.175 0.175
3 0.6828125 0.35703125 0.18125 0.16875
2 0.2703125 0.39453125 0.1453125 0.1453125
2 0.1046875 0.4 0.146875 0.14375
3 0.7 0.52578125 0.1859375 0.175
3 0.46640625 0.5296875 0.18125 0.18125
2 0.08515625 0.55625 0.1453125 0.1453125
2 0.2671875 0.571875 0.15 0.15
2 0.25 0.73359375 0.15625 0.159375
2 0.07890625 0.7375 0.1578125 0.153125
3 0.73359375 0.76875 0.196875 0.203125
3 0.4421875 0.76796875 0.1859375 0.2
3 0.6859375 0.1703125 0.18125 0.15625
3 0.48515625 0.18046875 0.1703125 0.159375
2 0.1203125 0.2390625 0.1421875 0.134375
2 0.28125 0.24609375 0.1390625 0.1328125