3 0.4109375 0.340625 0.1875 0.1875
3 0.5765625 0.38984375 0.1875 0.175
2 0.26171875 0.41484375 0.1546875 0.15
2 0.77890625 0.484375 0.1515625 0.146875
2 0.38359375 0.48828125 0.1578125 0.153125
3 0.6453125 0.546875 0.1859375 0.1890625
2 0.2734375 0.575 0.1640625 0.15
3 0.4828125 0.60546875 0.1921875 0.190625
2 0.65234375 0.7078125 0.153125 0.1578125
2 0.16640625 0.68515625 0.1609375 0.1578125
3 0.3390625 0.72421875 0.209375 0.2046875
3 0.52421875 0.81015625 0.2046875 0.20625
2 0.48671875 0.209375 0.1484375 0.1390625
3 0.6328125 0.2390625 0.1765625 0.1796875
3 0.2578125 0.26015625 0.1984375 0.18125
2 0.7515625 0.35 0.14375 0.1390625