3 0.31640625 0.578125 0.203125 0.203125
3 0.3796875 0.41640625 0.190625 0.2
2 0.37734375 0.734375 0.1625 0.165625
2 0.49296875 0.2203125 0.159375 0.1625
2 0.4625 0.61875 0.1640625 0.171875
3 0.54453125 0.36015625 0.2046875 0.2
2 0.5390625 0.73671875 0.1640625 0.1765625
3 0.5875 0.528125 0.20625 0.209375
2 0.70625 0.3671875 0.171875 0.1640625
2 0.640625 0.8546875 0.1703125 0.1734375
3 0.6953125 0.68359375 0.221875 0.2265625
3 0.79921875 0.50625 0.2234375 0.221875
2 0.18984375 0.48984375 0.15 0.159375
3 0.2328125 0.34609375 0.19375 0.1921875
3 0.22109375 0.725 0.196875 0.2125
2 0.35546875 0.23671875 0.15 0.1546875