2 0.6671875 0.71328125 0.16875 0.165625
2 0.6421875 0.565625 0.165625 0.1625
1 0.60625 0.4109375 0.1921875 0.184375
1 0.528125 0.24921875 0.2109375 0.1953125
2 0.5796875 0.8359375 0.159375 0.16875
1 0.50859375 0.68828125 0.1921875 0.18125
2 0.49453125 0.52734375 0.1625 0.1625
1 0.41796875 0.8296875 0.1796875 0.1828125
1 0.3546875 0.44375 0.1859375 0.1828125
1 0.36171875 0.61484375 0.1921875 0.1875
2 0.31796875 0.26484375 0.1796875 0.1796875
2 0.26953125 0.7484375 0.1671875 0.171875
1 0.18203125 0.3796875 0.1921875 0.1875
2 0.19453125 0.57109375 0.1765625 0.1671875
2 0.765625 0.475 0.178125 0.1734375
1 0.734375 0.28515625 0.19375 0.2015625