3 0.35078125 0.4046875 0.2078125 0.2234375
3 0.1375 0.43671875 0.2140625 0.2203125
3 0.7921875 0.3703125 0.2296875 0.228125
3 0.55703125 0.40546875 0.2125 0.2125
2 0.86640625 0.628125 0.1890625 0.1890625
2 0.615625 0.67421875 0.18125 0.18125
2 0.215625 0.72734375 0.1703125 0.1765625
2 0.40859375 0.71796875 0.1765625 0.18125
2 0.89609375 0.85859375 0.1890625 0.1890625
2 0.66171875 0.8859375 0.18125 0.18125
2 0.44375 0.91171875 0.178125 0.1765625
2 0.228125 0.93203125 0.1875 0.1359375
3 0.52734375 0.153125 0.221875 0.2359375
3 0.76640625 0.13046875 0.2359375 0.2328125
3 0.11484375 0.20234375 0.2109375 0.215625
3 0.3125 0.19921875 0.2140625 0.225