2 0.48671875 0.3421875 0.1359375 0.1390625
1 0.63046875 0.37421875 0.1609375 0.1609375
2 0.36015625 0.39921875 0.140625 0.140625
1 0.75625 0.4609375 0.16875 0.1609375
1 0.521875 0.4828125 0.15 0.1609375
2 0.3875 0.53046875 0.140625 0.14375
1 0.63984375 0.57890625 0.1609375 0.1609375
2 0.7828125 0.6109375 0.140625 0.140625
2 0.29140625 0.62421875 0.1359375 0.134375
1 0.5 0.6328125 0.15625 0.15625
2 0.61484375 0.71953125 0.134375 0.134375
1 0.384375 0.73125 0.159375 0.15625
2 0.75078125 0.75 0.140625 0.14375
1 0.51015625 0.815625 0.15625 0.1609375
2 0.57421875 0.23359375 0.1390625 0.1375
1 0.3734375 0.25390625 0.153125 0.1609375