2 0.215625 0.42421875 0.1390625 0.1734375
2 0.3109375 0.184375 0.1390625 0.1765625
3 0.303125 0.56875 0.1765625 0.2296875
3 0.346875 0.36015625 0.1609375 0.21875
2 0.3203125 0.79921875 0.1328125 0.1796875
2 0.4703125 0.05625 0.140625 0.1125
3 0.46484375 0.2109375 0.1640625 0.225
3 0.4484375 0.63984375 0.1765625 0.2296875
2 0.4359375 0.8796875 0.14375 0.1875
2 0.4703125 0.4421875 0.140625 0.1921875
2 0.55234375 0.78515625 0.146875 0.1984375
3 0.5953125 0.33984375 0.18125 0.2328125
3 0.6125 0.1109375 0.18125 0.21875
3 0.60078125 0.56640625 0.1765625 0.2359375
3 0.75234375 0.43125 0.19375 0.246875
2 0.75234375 0.65 0.165625 0.2015625