2 0.74453125 0.68984375 0.134375 0.1375
3 0.42265625 0.6703125 0.1640625 0.1703125
3 0.5890625 0.63984375 0.165625 0.1765625
2 0.2859375 0.58125 0.146875 0.1359375
2 0.7875 0.57265625 0.1375 0.128125
2 0.41015625 0.52421875 0.1375 0.140625
3 0.67265625 0.496875 0.1703125 0.1734375
2 0.321875 0.42734375 0.146875 0.134375
3 0.525 0.41796875 0.171875 0.184375
2 0.6953125 0.3484375 0.1453125 0.146875
2 0.22734375 0.3046875 0.1546875 0.1515625
3 0.4046875 0.28984375 0.1921875 0.190625
3 0.58984375 0.2296875 0.1765625 0.1953125
2 0.4703125 0.80234375 0.1359375 0.1328125
3 0.621875 0.78828125 0.1703125 0.171875
3 0.2609375 0.72265625 0.1859375 0.18125