3 0.665625 0.52578125 0.1890625 0.1875
3 0.67734375 0.72890625 0.1859375 0.1796875
2 0.60234375 0.33203125 0.1546875 0.15
2 0.58515625 0.1671875 0.1609375 0.15625
3 0.5078125 0.76015625 0.1828125 0.1875
3 0.48515625 0.54140625 0.1890625 0.1875
2 0.41953125 0.1765625 0.15625 0.15625
2 0.4296875 0.3546875 0.1546875 0.15
2 0.26875 0.36015625 0.1546875 0.153125
2 0.24921875 0.1921875 0.15625 0.159375
3 0.28671875 0.80703125 0.2 0.19375
3 0.25390625 0.54140625 0.2 0.1890625
3 0.86171875 0.7171875 0.1828125 0.1828125
3 0.8421875 0.51953125 0.1765625 0.1828125
2 0.7484375 0.1578125 0.1484375 0.1484375
2 0.75234375 0.325 0.1515625 0.1484375