3 0.34140625 0.6328125 0.19375 0.1953125
2 0.3453125 0.34453125 0.1578125 0.1578125
2 0.346875 0.15625 0.1640625 0.1703125
3 0.53984375 0.83203125 0.1984375 0.1953125
3 0.52578125 0.60234375 0.1984375 0.1953125
2 0.5359375 0.346875 0.1640625 0.171875
2 0.5578125 0.14609375 0.1640625 0.1796875
3 0.75859375 0.8296875 0.2 0.2015625
3 0.74296875 0.6046875 0.215625 0.2078125
2 0.775 0.35546875 0.1734375 0.1671875
2 0.775 0.140625 0.1796875 0.1734375
3 0.1609375 0.83828125 0.18125 0.1890625
3 0.15078125 0.63125 0.1828125 0.184375
2 0.153125 0.1546875 0.159375 0.1625
2 0.175 0.36015625 0.153125 0.15625
3 0.33828125 0.82578125 0.1875 0.1953125