3 0.721875 0.24765625 0.2015625 0.19375
3 0.69921875 0.45625 0.196875 0.196875
2 0.63046875 0.86328125 0.1640625 0.159375
2 0.63515625 0.66640625 0.159375 0.1640625
3 0.521875 0.2359375 0.2046875 0.196875
3 0.4984375 0.446875 0.2046875 0.203125
2 0.4578125 0.659375 0.1640625 0.165625
2 0.42421875 0.8484375 0.1765625 0.1765625
3 0.3015625 0.20703125 0.209375 0.2
3 0.28125 0.41484375 0.2125 0.1984375
2 0.25859375 0.6234375 0.1640625 0.16875
2 0.23046875 0.83203125 0.1765625 0.1765625
3 0.91015625 0.2828125 0.1796875 0.190625
3 0.89296875 0.475 0.1953125 0.19375
2 0.83984375 0.7 0.159375 0.159375
2 0.809375 0.87421875 0.159375 0.1640625