3 0.68515625 0.1953125 0.2125 0.209375
3 0.646875 0.3984375 0.209375 0.209375
2 0.58515625 0.69765625 0.175 0.175
2 0.55625 0.90078125 0.1765625 0.18125
3 0.4796875 0.146875 0.2078125 0.21875
3 0.4421875 0.39296875 0.2203125 0.2203125
2 0.38203125 0.65859375 0.16875 0.178125
2 0.32890625 0.86640625 0.18125 0.1875
3 0.2140625 0.34765625 0.234375 0.234375
3 0.2375 0.11484375 0.2328125 0.225
2 0.13046875 0.603125 0.1921875 0.184375
2 0.0953125 0.83125 0.190625 0.1875
3 0.87421875 0.20390625 0.1984375 0.2015625
3 0.846875 0.4328125 0.203125 0.203125
2 0.7578125 0.92578125 0.171875 0.1484375
2 0.77109375 0.7171875 0.165625 0.1734375