3 0.73984375 0.2984375 0.2171875 0.2109375
3 0.50859375 0.3078125 0.2171875 0.2140625
2 0.071875 0.35859375 0.14375 0.1765625
2 0.271875 0.36484375 0.1703125 0.1703125
3 0.7421875 0.521875 0.2234375 0.21875
3 0.5015625 0.5359375 0.21875 0.2140625
2 0.27109375 0.5578125 0.171875 0.171875
2 0.07578125 0.57890625 0.1515625 0.1703125
3 0.5234375 0.765625 0.2234375 0.21875
2 0.29296875 0.77890625 0.171875 0.171875
3 0.759375 0.76796875 0.2078125 0.215625
2 0.078125 0.7984375 0.1421875 0.171875
3 0.7078125 0.09296875 0.20625 0.1859375
3 0.4953125 0.103125 0.209375 0.20625
2 0.2484375 0.1390625 0.165625 0.1625
2 0.071875 0.1578125 0.14375 0.16875