2 0.66953125 0.76796875 0.15625 0.1671875
3 0.6109375 0.42578125 0.2046875 0.2046875
3 0.59375 0.60546875 0.203125 0.196875
2 0.5015625 0.29140625 0.159375 0.16875
2 0.54765625 0.82109375 0.1546875 0.1578125
2 0.45703125 0.43046875 0.165625 0.165625
3 0.44765625 0.7078125 0.2078125 0.1984375
2 0.3375 0.33984375 0.1953125 0.1703125
3 0.3515625 0.55859375 0.2125 0.2
2 0.2859375 0.7453125 0.1796875 0.1671875
2 0.209375 0.2546875 0.1859375 0.178125
3 0.20546875 0.44375 0.225 0.215625
3 0.15703125 0.6421875 0.225 0.2125
2 0.75859375 0.471875 0.1515625 0.1578125
3 0.76640625 0.625 0.1890625 0.196875
3 0.65703125 0.25 0.1984375 0.2078125