3 0.35546875 0.43515625 0.2 0.196875
3 0.39453125 0.234375 0.1921875 0.1890625
2 0.36953125 0.63359375 0.1625 0.1578125
2 0.3484375 0.79609375 0.1671875 0.1640625
3 0.56484375 0.246875 0.190625 0.1953125
3 0.534375 0.46328125 0.2 0.196875
2 0.51015625 0.8265625 0.1625 0.1625
2 0.54296875 0.653125 0.1625 0.1578125
2 0.6984375 0.68828125 0.1625 0.1578125
2 0.67734375 0.8546875 0.1625 0.1640625
3 0.78828125 0.25546875 0.209375 0.203125
3 0.75703125 0.51640625 0.209375 0.1984375
3 0.21171875 0.20390625 0.1890625 0.1890625
3 0.18671875 0.39609375 0.1859375 0.1890625
2 0.18671875 0.76875 0.1578125 0.1578125
2 0.22578125 0.60703125 0.159375 0.1546875