2 0.265625 0.6984375 0.1296875 0.125
2 0.47265625 0.66171875 0.1125 0.115625
3 0.68125 0.60390625 0.134375 0.1359375
2 0.378125 0.6203125 0.1171875 0.1171875
2 0.5796875 0.5625 0.10625 0.1109375
2 0.2671875 0.590625 0.1234375 0.1234375
3 0.4703125 0.53984375 0.1390625 0.1390625
2 0.70703125 0.4953125 0.1015625 0.10625
3 0.35 0.49609375 0.14375 0.14375
3 0.54609375 0.4359375 0.1359375 0.1390625
3 0.65703125 0.39765625 0.125 0.1375
2 0.2625 0.4078125 0.125 0.1234375
2 0.44609375 0.38125 0.1125 0.115625
3 0.5578125 0.30859375 0.134375 0.14375
3 0.36484375 0.29140625 0.1484375 0.15625
3 0.58046875 0.67421875 0.1328125 0.146875