2 0.46015625 0.4625 0.14375 0.15
2 0.26875 0.4625 0.14375 0.14375
2 0.6515625 0.4734375 0.15 0.159375
2 0.86953125 0.484375 0.15 0.15
1 0.26875 0.68359375 0.159375 0.159375
1 0.46171875 0.6859375 0.1625 0.159375
1 0.6671875 0.6890625 0.165625 0.159375
1 0.89609375 0.69453125 0.165625 0.165625
1 0.278125 0.8828125 0.1515625 0.1546875
1 0.9125 0.9015625 0.165625 0.1703125
1 0.66484375 0.909375 0.175 0.165625
1 0.44140625 0.91484375 0.165625 0.165625
2 0.67578125 0.2484375 0.15 0.1515625
2 0.26328125 0.25 0.14375 0.153125
2 0.9015625 0.259375 0.15 0.15625
2 0.484375 0.27265625 0.14375 0.15625