3 0.60234375 0.19921875 0.2125 0.2109375
3 0.6203125 0.396875 0.209375 0.209375
2 0.64296875 0.6875 0.175 0.175
2 0.66953125 0.88203125 0.1765625 0.1828125
3 0.4015625 0.209375 0.209375 0.2203125
3 0.43203125 0.4453125 0.221875 0.221875
2 0.446875 0.70546875 0.171875 0.1765625
2 0.45078125 0.9078125 0.1828125 0.184375
3 0.21015625 0.4640625 0.2375 0.2359375
3 0.1703125 0.24375 0.234375 0.2265625
2 0.2 0.72109375 0.190625 0.1859375
2 0.2265625 0.92265625 0.196875 0.1546875
3 0.77890625 0.15859375 0.2 0.203125
3 0.81328125 0.37578125 0.2046875 0.2046875
2 0.865625 0.8625 0.1734375 0.1734375
2 0.81875 0.65625 0.1671875 0.175