2 0.20703125 0.37890625 0.146875 0.146875
2 0.5375 0.39296875 0.146875 0.1390625
2 0.85859375 0.4015625 0.1515625 0.140625
1 0.36640625 0.409375 0.15625 0.1515625
2 0.72734375 0.45703125 0.146875 0.1375
1 0.0984375 0.50234375 0.1625 0.165625
2 0.2546875 0.51171875 0.140625 0.14375
1 0.59375 0.528125 0.1625 0.1625
1 0.91484375 0.54609375 0.1703125 0.1671875
1 0.42578125 0.55078125 0.1640625 0.165625
2 0.76484375 0.60078125 0.15625 0.1515625
1 0.29765625 0.659375 0.1625 0.1765625
2 0.5125 0.6703125 0.1515625 0.15
1 0.12109375 0.71875 0.171875 0.175
1 0.6765625 0.725 0.171875 0.1921875
2 0.8671875 0.73515625 0.153125 0.15625
1 0.38671875 0.8078125 0.171875 0.1828125
2 0.553125 0.82578125 0.146875 0.1625
2 0.22734375 0.8484375 0.1625 0.1671875
1 0.446875 0.14375 0.15625 0.140625
2 0.6890625 0.1515625 0.140625 0.13125
1 0.57109375 0.2296875 0.15625 0.146875
1 0.8375 0.26015625 0.159375 0.146875
2 0.290625 0.27265625 0.146875 0.1375
2 0.43046875 0.28515625 0.1390625 0.1375
1 0.69453125 0.3234375 0.1625 0.1515625