2 0.4046875 0.44453125 0.1734375 0.1625
2 0.4296875 0.2375 0.16875 0.1671875
2 0.3859375 0.61328125 0.15625 0.1515625
2 0.36640625 0.7953125 0.1609375 0.1515625
1 0.60234375 0.24375 0.175 0.1765625
1 0.596875 0.44609375 0.1828125 0.16875
1 0.5828125 0.6375 0.1765625 0.16875
1 0.5765625 0.8140625 0.178125 0.171875
1 0.79609375 0.2796875 0.184375 0.184375
1 0.77109375 0.653125 0.1890625 0.171875
1 0.79375 0.47734375 0.1859375 0.1703125
1 0.7703125 0.8328125 0.1765625 0.1671875
2 0.234375 0.2046875 0.165625 0.1609375
2 0.225 0.41484375 0.1671875 0.153125
2 0.22265625 0.58828125 0.1609375 0.153125
2 0.20078125 0.78125 0.1609375 0.153125