3 0.5890625 0.653125 0.20625 0.2015625
3 0.81171875 0.63046875 0.20625 0.196875
2 0.38125 0.621875 0.1671875 0.15625
2 0.203125 0.63515625 0.175 0.16875
3 0.81796875 0.44375 0.221875 0.1984375
3 0.57421875 0.4625 0.196875 0.20625
2 0.18203125 0.46015625 0.1703125 0.171875
2 0.37578125 0.4390625 0.16875 0.171875
2 0.3484375 0.2703125 0.16875 0.171875
2 0.17265625 0.27734375 0.184375 0.1796875
3 0.8171875 0.209375 0.2203125 0.215625
3 0.53984375 0.2234375 0.2140625 0.21875
3 0.61796875 0.84453125 0.1953125 0.190625
3 0.821875 0.82421875 0.19375 0.1953125
2 0.22265625 0.80703125 0.159375 0.165625
2 0.4015625 0.77890625 0.1640625 0.15