2 0.75 0.490625 0.115625 0.146875
2 0.678125 0.27734375 0.115625 0.15
3 0.6671875 0.6125 0.14375 0.19375
3 0.63828125 0.428125 0.13125 0.1828125
2 0.64140625 0.81328125 0.109375 0.1515625
2 0.54453125 0.12890625 0.11875 0.15
3 0.5421875 0.29296875 0.134375 0.190625
3 0.53671875 0.66796875 0.14375 0.19375
2 0.53671875 0.878125 0.1171875 0.1578125
2 0.5265625 0.49453125 0.115625 0.1609375
2 0.4390625 0.78984375 0.11875 0.1671875
3 0.4234375 0.4 0.1484375 0.196875
3 0.4171875 0.1921875 0.1484375 0.2
3 0.40703125 0.59765625 0.14375 0.2
3 0.28046875 0.47265625 0.159375 0.20625
2 0.27109375 0.6625 0.1375 0.16875