3 0.50859375 0.69921875 0.215625 0.2140625
2 0.165625 0.70546875 0.1671875 0.1640625
2 0.33203125 0.6703125 0.1640625 0.171875
2 0.83671875 0.6359375 0.1734375 0.1671875
2 0.6640625 0.6359375 0.1640625 0.1609375
3 0.21484375 0.5390625 0.21875 0.2140625
3 0.425 0.52578125 0.21875 0.2140625
3 0.78203125 0.47578125 0.2203125 0.2109375
2 0.6 0.48359375 0.1890625 0.178125
2 0.29375 0.36875 0.1734375 0.1828125
3 0.4859375 0.33671875 0.21875 0.2140625
3 0.69375 0.2875 0.2140625 0.2234375
2 0.44609375 0.86796875 0.1609375 0.1640625
2 0.60078125 0.853125 0.1671875 0.1609375
3 0.2796875 0.83125 0.2125 0.196875
3 0.76640625 0.80078125 0.2109375 0.2140625