2 0.52578125 0.2046875 0.1546875 0.115625
2 0.75546875 0.27578125 0.159375 0.11875
1 0.40078125 0.29921875 0.1984375 0.159375
1 0.59765625 0.31953125 0.20625 0.15
2 0.19296875 0.3296875 0.1703125 0.11875
2 0.91328125 0.41484375 0.1671875 0.128125
1 0.73984375 0.42265625 0.2 0.1546875
1 0.346875 0.4359375 0.203125 0.1546875
2 0.1265625 0.43828125 0.165625 0.11875
2 0.52578125 0.43828125 0.165625 0.11875
2 0.221875 0.5375 0.18125 0.13125
1 0.63671875 0.54921875 0.215625 0.159375
1 0.85078125 0.553125 0.2125 0.15625
1 0.425 0.57109375 0.20625 0.15625
1 0.5515625 0.6984375 0.215625 0.165625
2 0.353125 0.7078125 0.175 0.1375