3 0.3625 0.59609375 0.215625 0.2125
3 0.371875 0.8484375 0.2171875 0.2171875
2 0.37578125 0.3359375 0.1796875 0.171875
2 0.38359375 0.15078125 0.1796875 0.178125
3 0.57734375 0.6109375 0.2203125 0.2171875
3 0.6109375 0.859375 0.2234375 0.2203125
2 0.6078125 0.353125 0.184375 0.178125
2 0.628125 0.15703125 0.184375 0.184375
3 0.86015625 0.9 0.23125 0.1921875
3 0.85703125 0.62734375 0.2390625 0.228125
2 0.88515625 0.359375 0.190625 0.1828125
2 0.90546875 0.146875 0.178125 0.184375
3 0.146875 0.6171875 0.209375 0.215625
3 0.15390625 0.83046875 0.2015625 0.20625
2 0.15859375 0.3140625 0.16875 0.16875
2 0.175 0.1375 0.16875 0.16875