3 0.2765625 0.57890625 0.2234375 0.2203125
3 0.30625 0.821875 0.2265625 0.2265625
2 0.26796875 0.3296875 0.184375 0.1765625
2 0.25703125 0.15234375 0.1859375 0.1859375
3 0.4828125 0.57890625 0.228125 0.2265625
3 0.5328125 0.81015625 0.23125 0.228125
2 0.4875 0.32890625 0.190625 0.1859375
2 0.49140625 0.14140625 0.190625 0.190625
3 0.778125 0.84765625 0.240625 0.240625
3 0.75078125 0.56796875 0.246875 0.234375
2 0.753125 0.31328125 0.1953125 0.1890625
2 0.7625 0.10703125 0.2015625 0.1921875
3 0.0890625 0.61640625 0.178125 0.21875
3 0.11171875 0.82109375 0.1796875 0.209375
2 0.071875 0.32890625 0.14375 0.1734375
2 0.07109375 0.15703125 0.1421875 0.1734375