2 0.39140625 0.678125 0.1609375 0.159375
2 0.390625 0.53515625 0.159375 0.15625
1 0.4 0.384375 0.1828125 0.1765625
1 0.4453125 0.21953125 0.2015625 0.184375
2 0.49453125 0.778125 0.153125 0.159375
1 0.53671875 0.625 0.18125 0.1734375
2 0.5234375 0.47421875 0.15625 0.15625
1 0.6453125 0.74375 0.1734375 0.175
1 0.64140625 0.3734375 0.178125 0.1765625
1 0.66171875 0.53203125 0.1828125 0.178125
2 0.64609375 0.19609375 0.1734375 0.1734375
2 0.77109375 0.64296875 0.159375 0.1609375
1 0.7921875 0.28359375 0.1828125 0.178125
2 0.8125 0.4640625 0.16875 0.159375
2 0.26015625 0.46953125 0.171875 0.1625
1 0.25703125 0.28671875 0.184375 0.19375