3 0.5953125 0.34609375 0.18125 0.18125
3 0.425 0.375 0.18125 0.16875
2 0.73671875 0.4390625 0.1484375 0.14375
2 0.209375 0.44453125 0.1453125 0.1421875
2 0.60546875 0.49765625 0.1546875 0.1453125
3 0.3359375 0.52421875 0.178125 0.184375
2 0.70546875 0.596875 0.159375 0.14375
3 0.490625 0.6015625 0.1875 0.184375
2 0.309375 0.684375 0.1453125 0.1546875
2 0.79921875 0.72109375 0.1546875 0.1515625
3 0.6203125 0.7390625 0.203125 0.196875
3 0.425 0.803125 0.196875 0.2
2 0.5359375 0.2046875 0.14375 0.1328125
3 0.38671875 0.21640625 0.171875 0.1734375
3 0.76015625 0.2828125 0.1921875 0.1734375
2 0.25390625 0.31328125 0.1390625 0.1328125