3 0.43046875 0.61875 0.221875 0.225
3 0.20390625 0.575 0.2125 0.2171875
2 0.6546875 0.603125 0.178125 0.18125
2 0.83828125 0.6265625 0.1828125 0.1890625
3 0.21953125 0.3828125 0.2203125 0.215625
3 0.4625 0.4171875 0.221875 0.225
2 0.87265625 0.44453125 0.1828125 0.1828125
2 0.6765625 0.4078125 0.178125 0.18125
2 0.715625 0.23203125 0.178125 0.18125
2 0.903125 0.25625 0.1859375 0.1828125
3 0.22890625 0.13125 0.2296875 0.234375
3 0.521875 0.16640625 0.2234375 0.234375
3 0.1703125 0.78046875 0.2140625 0.2140625
3 0.38671875 0.809375 0.2140625 0.2078125
2 0.80625 0.80859375 0.1765625 0.1765625
2 0.62421875 0.7640625 0.175 0.1796875