3 0.746875 0.7265625 0.2109375 0.215625
3 0.53984375 0.684375 0.2125 0.2125
2 0.1375 0.58046875 0.171875 0.1765625
2 0.33515625 0.60234375 0.1765625 0.171875
3 0.77890625 0.52578125 0.2125 0.215625
3 0.5671875 0.48515625 0.2171875 0.2203125
2 0.36015625 0.42578125 0.1796875 0.178125
2 0.1734375 0.37578125 0.1875 0.1875
3 0.8265625 0.31015625 0.215625 0.2234375
3 0.6171875 0.27109375 0.2140625 0.225
2 0.41171875 0.22890625 0.18125 0.178125
2 0.20546875 0.18203125 0.1875 0.1875
3 0.69375 0.90703125 0.20625 0.1859375
3 0.50390625 0.8765625 0.2109375 0.2109375
2 0.28359375 0.8046875 0.1703125 0.1703125
2 0.1140625 0.759375 0.1765625 0.171875