3 0.45703125 0.671875 0.2109375 0.2125
3 0.24375 0.6328125 0.2015625 0.20625
2 0.67109375 0.65703125 0.16875 0.1734375
2 0.84453125 0.68046875 0.175 0.18125
3 0.25625 0.45078125 0.209375 0.2046875
3 0.48671875 0.48359375 0.2109375 0.2125
2 0.87734375 0.509375 0.1734375 0.1734375
2 0.6921875 0.475 0.16875 0.1734375
2 0.728125 0.30859375 0.171875 0.1734375
2 0.90390625 0.33046875 0.1765625 0.1734375
3 0.26484375 0.21171875 0.215625 0.2234375
3 0.54453125 0.24609375 0.2140625 0.2234375
3 0.209375 0.825 0.203125 0.203125
3 0.41640625 0.85546875 0.20625 0.1984375
2 0.81328125 0.8515625 0.16875 0.16875
2 0.640625 0.8125 0.165625 0.1703125