3 0.65 0.48046875 0.2078125 0.209375
2 0.5921875 0.18203125 0.159375 0.1609375
2 0.5921875 0.33359375 0.1671875 0.1609375
2 0.65546875 0.78046875 0.1640625 0.16875
2 0.6234375 0.62734375 0.1578125 0.159375
3 0.45625 0.25546875 0.2078125 0.2109375
3 0.4828125 0.43828125 0.2078125 0.2109375
3 0.50546875 0.76171875 0.2046875 0.2125
2 0.47890625 0.60234375 0.175 0.1828125
2 0.32109375 0.35546875 0.1765625 0.16875
3 0.32890625 0.5296875 0.2078125 0.2109375
3 0.325 0.71796875 0.2171875 0.209375
2 0.7859375 0.3953125 0.159375 0.1578125
2 0.8015625 0.53125 0.1578125 0.1609375
3 0.72265625 0.2546875 0.1921875 0.2046875
3 0.78671875 0.68828125 0.20625 0.2046875