3 0.49296875 0.325 0.21875 0.2328125
2 0.7921875 0.39140625 0.178125 0.1828125
2 0.6421875 0.40078125 0.1703125 0.1828125
3 0.31640625 0.3875 0.221875 0.221875
3 0.725 0.54453125 0.228125 0.2265625
2 0.15390625 0.44921875 0.1796875 0.1859375
2 0.5515625 0.5390625 0.1765625 0.1890625
2 0.403125 0.53828125 0.1796875 0.1890625
2 0.24375 0.5609375 0.18125 0.175
3 0.709375 0.7421875 0.2359375 0.2375
3 0.521875 0.709375 0.228125 0.240625
3 0.32421875 0.71796875 0.2375 0.2375
3 0.5234375 0.12578125 0.2171875 0.225
3 0.67265625 0.240625 0.2265625 0.2265625
2 0.37421875 0.20625 0.1859375 0.1796875
2 0.23203125 0.24296875 0.1734375 0.1765625