2 0.828125 0.68203125 0.1578125 0.14375
1 0.4921875 0.6484375 0.1734375 0.1734375
2 0.25078125 0.5921875 0.15625 0.15
2 0.103125 0.57578125 0.15625 0.1484375
2 0.7140625 0.60078125 0.1578125 0.15625
1 0.5828125 0.5234375 0.175 0.1734375
2 0.86015625 0.53828125 0.165625 0.1609375
2 0.43515625 0.50546875 0.1625 0.1515625
1 0.28984375 0.4515625 0.1734375 0.1734375
1 0.12890625 0.4296875 0.1828125 0.1765625
1 0.728125 0.44765625 0.1828125 0.1734375
1 0.5328125 0.3671875 0.1828125 0.1765625
2 0.378125 0.33515625 0.165625 0.1609375
1 0.83828125 0.31484375 0.190625 0.184375
2 0.67890625 0.2953125 0.1609375 0.165625
1 0.2171875 0.25546875 0.184375 0.1890625
1 0.42890625 0.1765625 0.190625 0.2
2 0.76640625 0.1640625 0.1609375 0.175
1 0.6015625 0.146875 0.18125 0.1984375
1 0.628125 0.8890625 0.1625 0.159375
2 0.35703125 0.82890625 0.1484375 0.134375
1 0.496875 0.80703125 0.165625 0.159375
2 0.74765625 0.8015625 0.1484375 0.134375
2 0.2203125 0.721875 0.15 0.1421875
1 0.62734375 0.7203125 0.1703125 0.1671875
2 0.353125 0.69375 0.15 0.14375