2 0.4359375 0.5578125 0.14375 0.1375
2 0.4265625 0.73359375 0.1375 0.1375
2 0.4546875 0.3828125 0.153125 0.1453125
2 0.475 0.18359375 0.14375 0.14375
1 0.62890625 0.74375 0.1546875 0.1546875
1 0.640625 0.5671875 0.1546875 0.15625
1 0.65234375 0.37890625 0.1546875 0.159375
1 0.66875 0.16953125 0.159375 0.159375
1 0.81171875 0.7453125 0.146875 0.1453125
1 0.859375 0.1640625 0.1640625 0.159375
1 0.8546875 0.3921875 0.159375 0.16875
1 0.84921875 0.596875 0.159375 0.159375
2 0.25078125 0.35 0.1453125 0.1453125
2 0.23125 0.72734375 0.146875 0.1390625
2 0.2703125 0.14375 0.15 0.1453125
2 0.26328125 0.5265625 0.15 0.1390625