2 0.2359375 0.34140625 0.1578125 0.1578125
2 0.54609375 0.3984375 0.15625 0.15
2 0.846875 0.44921875 0.1609375 0.153125
1 0.38203125 0.39140625 0.16875 0.1625
2 0.715625 0.484375 0.15625 0.1484375
1 0.1171875 0.44375 0.1734375 0.1796875
2 0.26328125 0.47265625 0.1515625 0.1546875
1 0.58046875 0.53359375 0.1734375 0.1734375
1 0.88515625 0.59296875 0.1890625 0.18125
1 0.41875 0.53203125 0.1765625 0.1796875
2 0.7328125 0.625 0.16875 0.1625
1 0.284375 0.61796875 0.175 0.1890625
2 0.48515625 0.65703125 0.1625 0.1609375
1 0.109375 0.65 0.184375 0.1859375
1 0.6328125 0.7296875 0.1859375 0.203125
2 0.81171875 0.76484375 0.165625 0.16875
1 0.34765625 0.76953125 0.184375 0.19375
2 0.50234375 0.80859375 0.159375 0.1703125
2 0.19296875 0.78671875 0.1734375 0.1796875
1 0.49296875 0.1515625 0.1671875 0.1546875
2 0.72109375 0.19140625 0.15 0.1421875
1 0.5984375 0.24921875 0.1671875 0.1578125
1 0.84609375 0.31328125 0.16875 0.159375
2 0.328125 0.25234375 0.15625 0.1484375
2 0.45859375 0.2828125 0.1484375 0.146875
1 0.703125 0.353125 0.171875 0.1640625