2 0.45390625 0.3890625 0.1734375 0.18125
2 0.24453125 0.35625 0.1765625 0.1765625
2 0.6265625 0.41875 0.1609375 0.165625
2 0.815625 0.45078125 0.159375 0.1703125
1 0.20234375 0.52890625 0.1890625 0.1828125
1 0.40078125 0.58046875 0.1796875 0.1921875
1 0.59765625 0.61875 0.178125 0.1875
1 0.77265625 0.66484375 0.178125 0.1875
1 0.18046875 0.728125 0.1953125 0.1953125
1 0.55703125 0.80859375 0.18125 0.2
1 0.37890625 0.784375 0.1796875 0.196875
1 0.73828125 0.85859375 0.1765625 0.1875
2 0.26796875 0.153125 0.16875 0.1734375
2 0.4796875 0.20078125 0.1625 0.175
2 0.64921875 0.24765625 0.1625 0.1703125
2 0.8484375 0.284375 0.1625 0.1703125