3 0.29765625 0.44375 0.196875 0.196875
3 0.34453125 0.625 0.184375 0.196875
2 0.38359375 0.284375 0.1578125 0.1625
2 0.4390625 0.84765625 0.1546875 0.159375
2 0.45859375 0.41953125 0.159375 0.1671875
3 0.5125 0.70546875 0.2 0.19375
2 0.55625 0.303125 0.1578125 0.1734375
3 0.58046875 0.53203125 0.2 0.203125
2 0.6859375 0.71875 0.1671875 0.159375
2 0.67890625 0.19140625 0.165625 0.1671875
3 0.71484375 0.38046875 0.215625 0.2203125
3 0.8015625 0.58359375 0.2171875 0.215625
2 0.15234375 0.52109375 0.1453125 0.15625
3 0.17890625 0.68046875 0.1890625 0.1859375
3 0.215625 0.27421875 0.190625 0.209375
2 0.2953125 0.81171875 0.1453125 0.15