3 0.66328125 0.5859375 0.19375 0.1953125
2 0.61953125 0.2984375 0.1578125 0.1578125
2 0.5921875 0.11171875 0.1640625 0.1703125
3 0.496875 0.81015625 0.1953125 0.1953125
3 0.47734375 0.578125 0.1984375 0.1953125
2 0.43046875 0.32734375 0.1640625 0.171875
2 0.3828125 0.13359375 0.1640625 0.1796875
3 0.27734375 0.8359375 0.2 0.2
3 0.26171875 0.6140625 0.215625 0.2078125
2 0.19609375 0.37109375 0.1734375 0.1671875
2 0.165625 0.15859375 0.1796875 0.1734375
3 0.87109375 0.76484375 0.18125 0.1890625
3 0.85234375 0.5578125 0.1828125 0.184375
2 0.78359375 0.084375 0.159375 0.165625
2 0.790625 0.290625 0.153125 0.153125
3 0.69375 0.77734375 0.1875 0.1953125