3 0.70859375 0.2484375 0.203125 0.2
3 0.6609375 0.43203125 0.2 0.2
2 0.5921875 0.70625 0.165625 0.165625
2 0.55390625 0.890625 0.1671875 0.1734375
3 0.5203125 0.19375 0.2 0.209375
3 0.47578125 0.4203125 0.2109375 0.2109375
2 0.40546875 0.6609375 0.1625 0.16875
2 0.346875 0.8484375 0.175 0.1796875
3 0.26640625 0.3671875 0.225 0.221875
3 0.3015625 0.153125 0.2203125 0.215625
2 0.17734375 0.59765625 0.1828125 0.1765625
2 0.134375 0.80625 0.1875 0.1796875
3 0.87890625 0.2671875 0.190625 0.19375
3 0.84609375 0.4734375 0.19375 0.1953125
2 0.73984375 0.9265625 0.1640625 0.146875
2 0.759375 0.7328125 0.1578125 0.165625