2 0.3875 0.16171875 0.16875 0.165625
2 0.359375 0.57421875 0.16875 0.15625
2 0.378125 0.3875 0.15625 0.15625
2 0.35703125 0.771875 0.1578125 0.1515625
1 0.62265625 0.15390625 0.171875 0.178125
1 0.58671875 0.80234375 0.1734375 0.178125
1 0.63203125 0.3703125 0.184375 0.171875
1 0.63515625 0.57578125 0.171875 0.1703125
1 0.84140625 0.15546875 0.1890625 0.171875
1 0.796875 0.81875 0.184375 0.1734375
1 0.84296875 0.37734375 0.1734375 0.1734375
1 0.82734375 0.59609375 0.171875 0.1703125
2 0.203125 0.14765625 0.1546875 0.153125
2 0.2109375 0.3703125 0.16875 0.15625
2 0.1828125 0.7515625 0.1671875 0.1515625
2 0.20546875 0.54921875 0.1625 0.1625