3 0.74453125 0.64609375 0.184375 0.18125
2 0.16640625 0.63203125 0.1546875 0.165625
3 0.5203125 0.61875 0.1796875 0.184375
2 0.34921875 0.61953125 0.15625 0.1421875
3 0.75703125 0.4703125 0.184375 0.1796875
2 0.16484375 0.43984375 0.15625 0.15
3 0.5515625 0.43203125 0.1796875 0.18125
2 0.3328125 0.42109375 0.153125 0.146875
3 0.75546875 0.22421875 0.175 0.1921875
3 0.55703125 0.21875 0.178125 0.190625
2 0.33515625 0.21875 0.1421875 0.153125
2 0.16171875 0.221875 0.140625 0.153125
3 0.53671875 0.84609375 0.184375 0.1921875
3 0.7515625 0.83359375 0.184375 0.184375
2 0.3453125 0.80078125 0.15625 0.1546875
2 0.1703125 0.79296875 0.153125 0.1546875