2 0.646875 0.6890625 0.14375 0.1421875
2 0.63359375 0.55390625 0.1421875 0.140625
1 0.6109375 0.41171875 0.1640625 0.15625
1 0.55078125 0.26015625 0.18125 0.1640625
2 0.56015625 0.79453125 0.1375 0.1421875
1 0.5046875 0.65390625 0.1640625 0.1546875
2 0.50234375 0.509375 0.140625 0.140625
1 0.4140625 0.77578125 0.1546875 0.15625
1 0.38125 0.42578125 0.159375 0.15625
1 0.37734375 0.578125 0.1640625 0.159375
2 0.359375 0.25859375 0.1546875 0.1546875
2 0.28515625 0.69453125 0.1421875 0.14375
1 0.2296875 0.35625 0.1640625 0.159375
2 0.22890625 0.528125 0.1515625 0.1421875
2 0.7515625 0.478125 0.1546875 0.14375
1 0.7359375 0.30546875 0.1640625 0.175