3 0.4640625 0.6828125 0.2171875 0.21875
3 0.23125 0.7109375 0.221875 0.221875
2 0.6984375 0.6328125 0.175 0.1828125
2 0.86640625 0.6015625 0.1828125 0.1828125
3 0.4171875 0.490625 0.2234375 0.225
3 0.18984375 0.49765625 0.2265625 0.2296875
2 0.64765625 0.428125 0.184375 0.1859375
2 0.82265625 0.38046875 0.1875 0.1875
3 0.1078125 0.27734375 0.215625 0.2359375
3 0.365625 0.23828125 0.2328125 0.24375
2 0.6015625 0.17734375 0.1859375 0.19375
2 0.790625 0.1203125 0.1890625 0.1984375
3 0.47578125 0.884375 0.21875 0.2140625
3 0.27890625 0.90078125 0.2109375 0.1984375
2 0.74765625 0.8296875 0.171875 0.171875
2 0.9078125 0.78984375 0.171875 0.171875