3 0.30859375 0.6375 0.2015625 0.2015625
3 0.31953125 0.4625 0.1875 0.2
2 0.4171875 0.76953125 0.159375 0.165625
2 0.3671875 0.23828125 0.15625 0.1609375
2 0.46171875 0.63125 0.1625 0.16875
3 0.46015625 0.35703125 0.2015625 0.1984375
2 0.57265625 0.72109375 0.1609375 0.175
3 0.5546875 0.50546875 0.203125 0.2046875
2 0.61796875 0.3140625 0.16875 0.1625
2 0.70625 0.80234375 0.1671875 0.16875
3 0.70625 0.62109375 0.21875 0.221875
3 0.75 0.4171875 0.2203125 0.21875
2 0.16015625 0.59296875 0.15 0.1578125
3 0.15625 0.43984375 0.190625 0.1875
3 0.26328125 0.809375 0.19375 0.209375
2 0.240625 0.29765625 0.1484375 0.1515625