2 0.3796875 0.7734375 0.1453125 0.14375
2 0.378125 0.396875 0.14375 0.134375
2 0.38671875 0.56875 0.1328125 0.1328125
2 0.39140625 0.21484375 0.1359375 0.1296875
1 0.5921875 0.79765625 0.146875 0.15625
1 0.60234375 0.19921875 0.15 0.15625
1 0.61640625 0.59921875 0.159375 0.146875
1 0.63359375 0.409375 0.15 0.1453125
1 0.79453125 0.809375 0.165625 0.146875
1 0.79609375 0.19921875 0.159375 0.153125
1 0.81015625 0.60703125 0.15 0.15
1 0.80703125 0.40625 0.15 0.1453125
2 0.2078125 0.7765625 0.1328125 0.13125
2 0.2296875 0.5734375 0.14375 0.134375
2 0.23046875 0.22265625 0.14375 0.13125
2 0.23828125 0.40703125 0.140625 0.140625