2 0.3453125 0.32421875 0.1515625 0.1484375
2 0.36328125 0.46015625 0.146875 0.1453125
1 0.3921875 0.603125 0.1703125 0.1640625
1 0.4578125 0.75390625 0.1875 0.171875
2 0.4296875 0.21484375 0.1421875 0.15
1 0.48984375 0.35234375 0.1703125 0.1609375
2 0.49765625 0.5 0.14375 0.14375
1 0.57734375 0.22578125 0.1609375 0.1640625
1 0.62265625 0.58125 0.165625 0.1640625
1 0.621875 0.425 0.1703125 0.165625
2 0.6515625 0.74609375 0.1609375 0.1609375
2 0.71015625 0.30546875 0.1484375 0.153125
1 0.77890625 0.64609375 0.1703125 0.165625
2 0.7734375 0.4703125 0.1578125 0.1484375
2 0.24765625 0.5390625 0.1609375 0.153125
1 0.26953125 0.71484375 0.171875 0.1796875