2 0.84375 0.48203125 0.1328125 0.1703125
2 0.78046875 0.728125 0.1328125 0.171875
3 0.7390625 0.35234375 0.1703125 0.2234375
3 0.7234375 0.5609375 0.1546875 0.2125
2 0.69375 0.128125 0.1296875 0.175
2 0.63828125 0.90390625 0.1390625 0.171875
3 0.6234375 0.7203125 0.1578125 0.2203125
3 0.590625 0.3 0.1703125 0.2234375
2 0.57265625 0.07734375 0.1359375 0.1546875
2 0.59296875 0.4953125 0.134375 0.1875
2 0.471875 0.1703125 0.140625 0.1921875
3 0.48359375 0.61015625 0.175 0.2265625
3 0.49375 0.84375 0.175 0.2296875
3 0.44765625 0.3890625 0.1703125 0.2296875
3 0.31875 0.5390625 0.1875 0.2390625
2 0.2921875 0.3265625 0.159375 0.1953125