2 0.61484375 0.19765625 0.14375 0.159375
3 0.5984375 0.55625 0.190625 0.190625
3 0.55703125 0.37421875 0.190625 0.1828125
2 0.5015625 0.70859375 0.15 0.159375
2 0.4828125 0.15859375 0.14375 0.15
2 0.43828125 0.571875 0.153125 0.153125
3 0.39453125 0.2875 0.196875 0.184375
2 0.32734375 0.67890625 0.184375 0.153125
3 0.31328125 0.45234375 0.2 0.184375
2 0.22265625 0.26875 0.16875 0.153125
2 0.20625 0.78359375 0.175 0.165625
3 0.178125 0.58984375 0.2125 0.1984375
3 0.1046875 0.39140625 0.209375 0.196875
2 0.74375 0.490625 0.140625 0.15
3 0.73203125 0.33203125 0.175 0.184375
3 0.66796875 0.73203125 0.184375 0.196875