3 0.6171875 0.41015625 0.1828125 0.2
3 0.82109375 0.41640625 0.1875 0.196875
3 0.19453125 0.4296875 0.203125 0.2015625
3 0.42265625 0.43515625 0.1875 0.1875
2 0.1515625 0.68359375 0.1671875 0.1671875
2 0.39765625 0.69765625 0.1625 0.1625
2 0.78203125 0.703125 0.1515625 0.159375
2 0.59921875 0.715625 0.15625 0.1625
2 0.15234375 0.90546875 0.1671875 0.1671875
2 0.37890625 0.9046875 0.159375 0.1625
2 0.5890625 0.90546875 0.15625 0.1625
2 0.796875 0.91796875 0.16875 0.15625
3 0.4203125 0.1921875 0.19375 0.209375
3 0.1875 0.1984375 0.209375 0.2046875
3 0.815625 0.19140625 0.1859375 0.190625
3 0.63046875 0.2109375 0.1890625 0.2015625