2 0.61875 0.1859375 0.153125 0.1625
1 0.65 0.5234375 0.18125 0.18125
2 0.640625 0.76875 0.1578125 0.1625
2 0.6515625 0.9140625 0.1546875 0.15625
2 0.56171875 0.315625 0.1640625 0.165625
1 0.5109375 0.4578125 0.18125 0.1828125
2 0.47109375 0.1828125 0.16875 0.1734375
2 0.52109375 0.60625 0.1578125 0.16875
1 0.49453125 0.7578125 0.18125 0.18125
1 0.50390625 0.91328125 0.1859375 0.1734375
1 0.4078125 0.328125 0.1828125 0.190625
1 0.36484375 0.534375 0.1859375 0.190625
2 0.3640625 0.6921875 0.1671875 0.1734375
1 0.25625 0.2453125 0.1921875 0.2
2 0.26796875 0.4078125 0.1734375 0.1671875
1 0.31640625 0.86640625 0.1984375 0.1921875
1 0.19921875 0.6765625 0.2078125 0.2
2 0.12109375 0.34453125 0.184375 0.1703125
1 0.13671875 0.51171875 0.20625 0.1921875
1 0.86015625 0.34140625 0.165625 0.171875
2 0.853125 0.61953125 0.140625 0.1546875
1 0.80390625 0.4859375 0.165625 0.1734375
2 0.7515625 0.240625 0.140625 0.1546875
2 0.77421875 0.77578125 0.1484375 0.15625
1 0.69453125 0.375 0.175 0.1765625
2 0.7203125 0.6484375 0.15 0.15625