3 0.50703125 0.69921875 0.209375 0.2109375
3 0.725 0.721875 0.2 0.2046875
2 0.3078125 0.621875 0.1671875 0.171875
2 0.13359375 0.5921875 0.1734375 0.178125
3 0.765625 0.54296875 0.2078125 0.2015625
3 0.53359375 0.50625 0.209375 0.2109375
2 0.153125 0.41640625 0.1734375 0.1734375
2 0.34140625 0.4375 0.1671875 0.171875
2 0.3546875 0.2671875 0.1671875 0.171875
2 0.17734375 0.23671875 0.1765625 0.1734375
3 0.82734375 0.3109375 0.215625 0.221875
3 0.54921875 0.2609375 0.209375 0.2203125
3 0.69921875 0.90859375 0.2015625 0.1828125
3 0.49375 0.884375 0.2 0.196875
2 0.11171875 0.7671875 0.165625 0.1671875
2 0.28984375 0.77734375 0.1625 0.16875