3 0.35625 0.59453125 0.209375 0.2140625
3 0.39296875 0.8125 0.2046875 0.2125
2 0.371875 0.3890625 0.1640625 0.1734375
2 0.34765625 0.21484375 0.1765625 0.18125
3 0.57734375 0.80625 0.2078125 0.228125
3 0.54140625 0.56796875 0.2125 0.2046875
2 0.51640625 0.1828125 0.178125 0.1765625
2 0.5515625 0.37109375 0.178125 0.175
2 0.71484375 0.33203125 0.178125 0.175
2 0.6953125 0.1609375 0.1859375 0.190625
3 0.80703125 0.7890625 0.2234375 0.228125
3 0.77421875 0.51796875 0.228125 0.221875
3 0.16953125 0.63671875 0.196875 0.203125
3 0.20390625 0.8359375 0.203125 0.2
2 0.178125 0.24609375 0.1703125 0.165625
2 0.21875 0.41953125 0.15625 0.16875