3 0.45234375 0.3421875 0.196875 0.2125
2 0.74921875 0.32890625 0.1609375 0.16875
2 0.6109375 0.37578125 0.153125 0.1671875
3 0.303125 0.44296875 0.2 0.203125
3 0.72421875 0.48984375 0.20625 0.2046875
2 0.16484375 0.5421875 0.1625 0.16875
2 0.5609375 0.528125 0.159375 0.171875
2 0.421875 0.5625 0.1625 0.171875
2 0.278125 0.62421875 0.165625 0.1578125
3 0.76015625 0.67734375 0.2140625 0.215625
3 0.57578125 0.69296875 0.20625 0.21875
3 0.39296875 0.753125 0.2171875 0.2171875
3 0.4296875 0.1453125 0.1953125 0.2046875
3 0.59921875 0.21640625 0.2046875 0.2046875
2 0.3109375 0.2609375 0.16875 0.1625
2 0.18671875 0.33125 0.15625 0.1609375