2 0.22734375 0.48984375 0.115625 0.15
2 0.29765625 0.7109375 0.115625 0.153125
3 0.31484375 0.36640625 0.1453125 0.196875
3 0.34140625 0.55859375 0.1328125 0.1875
2 0.34609375 0.1609375 0.1125 0.1578125
2 0.4328125 0.86640625 0.1203125 0.153125
3 0.4390625 0.69765625 0.1375 0.1953125
3 0.45 0.3140625 0.1453125 0.196875
2 0.45390625 0.0953125 0.1171875 0.159375
2 0.4578125 0.4921875 0.115625 0.165625
2 0.55234375 0.18984375 0.1203125 0.1703125
3 0.5625 0.58984375 0.15 0.2
3 0.56484375 0.80390625 0.15 0.203125
3 0.5828125 0.3890625 0.1453125 0.203125
3 0.71015625 0.5203125 0.159375 0.209375
2 0.7234375 0.3234375 0.1375 0.171875