2 0.375 0.77265625 0.1375 0.1421875
2 0.3546875 0.5515625 0.128125 0.1234375
3 0.35390625 0.32265625 0.15 0.146875
2 0.42265625 0.634375 0.128125 0.128125
2 0.4265625 0.4125 0.121875 0.11875
2 0.48359375 0.7390625 0.1359375 0.1359375
3 0.47734375 0.521875 0.153125 0.153125
2 0.46015625 0.26484375 0.1171875 0.1125
3 0.55703125 0.63125 0.1578125 0.1578125
3 0.56171875 0.41328125 0.153125 0.15
3 0.5734375 0.28828125 0.1515625 0.1390625
2 0.66875 0.69765625 0.1359375 0.1375
2 0.6453125 0.50078125 0.128125 0.1234375
3 0.6921875 0.36796875 0.15625 0.1484375
3 0.76015625 0.55859375 0.171875 0.1625
3 0.309375 0.44296875 0.1609375 0.1453125