2 0.6453125 0.18671875 0.153125 0.15
2 0.6375 0.59296875 0.153125 0.14375
2 0.63515625 0.40703125 0.14375 0.14375
2 0.62265625 0.78828125 0.1453125 0.1375
1 0.4140625 0.15703125 0.15625 0.165625
1 0.39296875 0.8015625 0.1625 0.1640625
1 0.3859375 0.36875 0.16875 0.15625
1 0.36484375 0.57421875 0.159375 0.153125
1 0.1984375 0.1390625 0.175 0.15625
1 0.18515625 0.79609375 0.16875 0.159375
1 0.17734375 0.35859375 0.159375 0.1625
1 0.17421875 0.57421875 0.159375 0.153125
2 0.8296875 0.18671875 0.1453125 0.140625
2 0.8015625 0.4046875 0.153125 0.14375
2 0.79609375 0.7828125 0.153125 0.1375
2 0.790625 0.584375 0.1484375 0.1484375