1 0.2953125 0.37421875 0.1953125 0.1890625
2 0.26640625 0.78203125 0.1734375 0.1875
2 0.3765625 0.5 0.1625 0.1640625
2 0.4171875 0.265625 0.1609375 0.1609375
1 0.41484375 0.71328125 0.196875 0.1984375
1 0.5109375 0.4171875 0.1984375 0.190625
1 0.48203125 0.8734375 0.1953125 0.196875
1 0.51328125 0.5796875 0.2015625 0.196875
2 0.57109375 0.271875 0.1703125 0.1625
2 0.5765625 0.73046875 0.175 0.171875
1 0.67734375 0.459375 0.1828125 0.184375
1 0.68828125 0.62578125 0.1890625 0.1859375
2 0.83046875 0.55703125 0.175 0.16875
1 0.1296875 0.696875 0.1984375 0.2
2 0.16796875 0.46484375 0.171875 0.171875
2 0.25703125 0.584375 0.175 0.171875