3 0.6109375 0.33359375 0.1984375 0.1953125
2 0.31171875 0.3421875 0.1609375 0.1609375
2 0.1171875 0.346875 0.1703125 0.165625
3 0.81953125 0.53203125 0.1984375 0.1984375
3 0.58046875 0.52265625 0.1984375 0.2
2 0.31796875 0.5390625 0.1734375 0.165625
2 0.11328125 0.5640625 0.18125 0.1671875
3 0.81796875 0.759375 0.203125 0.203125
3 0.58984375 0.746875 0.2109375 0.2203125
2 0.33359375 0.78515625 0.1703125 0.1765625
2 0.11171875 0.78828125 0.178125 0.1828125
3 0.81953125 0.14375 0.19375 0.1828125
3 0.60625 0.1359375 0.1875 0.184375
2 0.11328125 0.14765625 0.16875 0.1609375
2 0.32578125 0.16640625 0.1546875 0.1546875
3 0.81015625 0.32578125 0.1984375 0.190625