3 0.74140625 0.3703125 0.178125 0.1765625
2 0.18359375 0.403125 0.15 0.159375
3 0.525 0.40390625 0.175 0.178125
2 0.3609375 0.40859375 0.15 0.1375
3 0.759375 0.5390625 0.178125 0.175
2 0.18828125 0.58828125 0.1515625 0.14375
3 0.5625 0.58359375 0.175 0.1765625
2 0.3515625 0.60078125 0.146875 0.1421875
3 0.765625 0.77734375 0.16875 0.1859375
3 0.57421875 0.7890625 0.171875 0.184375
2 0.36015625 0.79609375 0.1375 0.1453125
2 0.19296875 0.79921875 0.134375 0.1453125
3 0.53359375 0.18359375 0.178125 0.1859375
3 0.740625 0.1890625 0.178125 0.178125
2 0.35 0.234375 0.1515625 0.15
2 0.18203125 0.246875 0.146875 0.15