2 0.7671875 0.34296875 0.1609375 0.1609375
2 0.44921875 0.40234375 0.159375 0.153125
2 0.1421875 0.45390625 0.1640625 0.15625
1 0.61640625 0.39453125 0.171875 0.1671875
2 0.27578125 0.48984375 0.159375 0.15
1 0.88671875 0.4484375 0.178125 0.1828125
2 0.7390625 0.47734375 0.15625 0.1578125
1 0.4140625 0.53984375 0.1765625 0.1765625
1 0.103125 0.6 0.1921875 0.184375
1 0.58125 0.53828125 0.1796875 0.1828125
2 0.26171875 0.63203125 0.171875 0.1671875
1 0.71796875 0.62578125 0.178125 0.1921875
2 0.5109375 0.665625 0.165625 0.1625
1 0.89609375 0.6578125 0.1875 0.190625
1 0.36015625 0.73984375 0.190625 0.2078125
2 0.18125 0.775 0.1703125 0.171875
1 0.65234375 0.78046875 0.1921875 0.1984375
2 0.4953125 0.8203125 0.1625 0.175
2 0.81015625 0.79765625 0.1796875 0.1828125
1 0.50546875 0.15078125 0.1703125 0.1578125
2 0.2734375 0.190625 0.1546875 0.1453125
1 0.3953125 0.25 0.171875 0.1625
1 0.1453125 0.31484375 0.171875 0.1625
2 0.6703125 0.25390625 0.159375 0.15
2 0.53984375 0.28359375 0.1515625 0.1484375
1 0.2921875 0.35546875 0.175 0.1671875