2 0.45625 0.41796875 0.153125 0.1484375
2 0.4765625 0.23984375 0.1515625 0.1484375
2 0.44765625 0.59765625 0.1640625 0.1546875
2 0.43828125 0.8015625 0.153125 0.153125
1 0.68125 0.26171875 0.1671875 0.165625
1 0.6640625 0.44140625 0.165625 0.1671875
1 0.6484375 0.63359375 0.165625 0.1671875
1 0.6296875 0.84765625 0.171875 0.171875
1 0.86640625 0.2890625 0.1609375 0.153125
1 0.82265625 0.88046875 0.175 0.1734375
1 0.8515625 0.6515625 0.16875 0.1796875
1 0.878125 0.44609375 0.16875 0.171875
2 0.2359375 0.596875 0.1546875 0.153125
2 0.27734375 0.2140625 0.15625 0.1484375
2 0.22421875 0.809375 0.1609375 0.1546875
2 0.2796875 0.421875 0.159375 0.1484375