2 0.50546875 0.39375 0.18125 0.190625
2 0.275 0.36953125 0.1859375 0.1859375
2 0.69609375 0.41640625 0.16875 0.175
2 0.903125 0.440625 0.165625 0.178125
1 0.23828125 0.56015625 0.1984375 0.19375
1 0.459375 0.60546875 0.1875 0.203125
1 0.675 0.6359375 0.1875 0.1984375
1 0.86875 0.6765625 0.1875 0.1984375
1 0.2265625 0.77890625 0.2046875 0.2046875
1 0.6421875 0.8453125 0.1875 0.2109375
1 0.44609375 0.8296875 0.1875 0.2078125
1 0.8421875 0.890625 0.184375 0.196875
2 0.28828125 0.146875 0.178125 0.18125
2 0.521875 0.18671875 0.1703125 0.184375
2 0.71015625 0.228125 0.16875 0.1796875
2 0.92265625 0.25703125 0.1546875 0.1796875