3 0.26171875 0.63359375 0.2265625 0.2234375
3 0.28359375 0.88671875 0.2296875 0.2265625
2 0.26171875 0.37109375 0.1875 0.18125
2 0.25625 0.18515625 0.1890625 0.1890625
3 0.47734375 0.63984375 0.2328125 0.2296875
3 0.52109375 0.88359375 0.2359375 0.2328125
2 0.49140625 0.378125 0.19375 0.1890625
2 0.503125 0.18125 0.19375 0.19375
3 0.7765625 0.9 0.240625 0.1796875
3 0.75859375 0.63828125 0.253125 0.2390625
2 0.7703125 0.37109375 0.2 0.1921875
2 0.7890625 0.15546875 0.20625 0.19375
3 0.078125 0.66328125 0.1484375 0.221875
3 0.0953125 0.8796875 0.153125 0.2140625
2 0.06328125 0.3609375 0.1265625 0.175
2 0.06640625 0.18203125 0.1328125 0.1765625