2 0.49921875 0.334375 0.14375 0.15
1 0.64140625 0.3796875 0.1703125 0.1703125
2 0.365625 0.38046875 0.15 0.15
1 0.7609375 0.478125 0.178125 0.1703125
1 0.521875 0.47890625 0.1609375 0.16875
2 0.38125 0.51484375 0.15 0.1515625
1 0.63203125 0.58671875 0.1703125 0.1703125
2 0.77421875 0.63046875 0.15 0.1515625
2 0.27578125 0.6015625 0.146875 0.14375
1 0.4859375 0.62890625 0.165625 0.165625
2 0.59453125 0.72734375 0.14375 0.14375
1 0.3609375 0.71796875 0.16875 0.165625
2 0.7296875 0.7703125 0.15 0.1515625
1 0.48046875 0.8140625 0.165625 0.1703125
2 0.59609375 0.2328125 0.15 0.146875
1 0.39140625 0.234375 0.1640625 0.1703125