1 0.78984375 0.93828125 0.1140625 0.1234375
0 0.8640625 0.18828125 0.0921875 0.125
0 0.809375 0.66015625 0.1015625 0.121875
0 0.82890625 0.42734375 0.090625 0.1203125
1 0.659375 0.921875 0.1109375 0.15
0 0.7265625 0.1921875 0.09375 0.1140625
0 0.68828125 0.4359375 0.090625 0.1171875
0 0.65078125 0.6625 0.1015625 0.121875
0 0.5625 0.1734375 0.09375 0.121875
1 0.4796875 0.92421875 0.1203125 0.1515625
0 0.53125 0.39296875 0.0984375 0.1203125
0 0.4984375 0.65390625 0.0984375 0.121875
1 0.2890625 0.91015625 0.125 0.1421875
0 0.3390625 0.38984375 0.0953125 0.1296875
0 0.36484375 0.13125 0.1109375 0.1234375
0 0.309375 0.63203125 0.103125 0.1375
1 0.096875 0.64453125 0.1140625 0.1484375
0 0.14765625 0.12578125 0.109375 0.121875
0 0.11953125 0.3796875 0.1078125 0.1265625
1 0.05234375 0.89765625 0.1046875 0.1234375