1 0.178125 0.93984375 0.1 0.1203125
0 0.146875 0.24453125 0.0796875 0.1109375
0 0.175 0.68046875 0.0875 0.1078125
0 0.16875 0.465625 0.078125 0.10625
1 0.3 0.9265625 0.09375 0.1328125
0 0.2734375 0.25546875 0.0796875 0.1
0 0.29609375 0.48046875 0.078125 0.103125
0 0.31875 0.68984375 0.0875 0.1078125
0 0.42421875 0.246875 0.08125 0.1078125
1 0.46328125 0.93515625 0.1046875 0.1296875
0 0.4421875 0.44921875 0.0859375 0.1078125
0 0.46015625 0.6890625 0.0859375 0.109375
1 0.640625 0.93359375 0.1078125 0.1234375
0 0.61875 0.4546875 0.08125 0.115625
0 0.60703125 0.2171875 0.0984375 0.109375
0 0.63359375 0.678125 0.0890625 0.121875
1 0.828125 0.7 0.1 0.13125
0 0.80703125 0.22265625 0.0953125 0.1078125
0 0.8203125 0.45625 0.09375 0.1125
1 0.875 0.9328125 0.1265625 0.103125