1 0.0609375 0.17734375 0.121875 0.1015625
0 0.76875 0.13203125 0.1140625 0.0828125
0 0.325 0.16875 0.1109375 0.0921875
0 0.54375 0.1578125 0.109375 0.0828125
1 0.07578125 0.3 0.1375 0.1
0 0.759375 0.2609375 0.1046875 0.084375
0 0.53125 0.2890625 0.1078125 0.08125
0 0.3171875 0.315625 0.1109375 0.0921875
0 0.771875 0.41484375 0.1109375 0.0859375
1 0.06796875 0.4671875 0.1359375 0.109375
0 0.565625 0.43671875 0.109375 0.0890625
0 0.321875 0.459375 0.1109375 0.0890625
1 0.075 0.646875 0.128125 0.1125
0 0.56328125 0.61640625 0.11875 0.0859375
0 0.8046875 0.60078125 0.1125 0.1015625
0 0.33515625 0.6359375 0.125 0.0921875
1 0.31640625 0.834375 0.1359375 0.1046875
0 0.803125 0.8046875 0.1109375 0.1
0 0.56484375 0.821875 0.115625 0.0984375
1 0.078125 0.8859375 0.1125 0.13125