1 0.9484375 0.2421875 0.103125 0.11875
0 0.22734375 0.13125 0.1265625 0.0953125
0 0.6890625 0.209375 0.121875 0.1046875
0 0.4609375 0.178125 0.1203125 0.09375
1 0.93125 0.37109375 0.1375 0.1140625
0 0.22421875 0.26640625 0.115625 0.096875
0 0.46171875 0.315625 0.1171875 0.09375
0 0.6828125 0.3640625 0.121875 0.1046875
0 0.19765625 0.4265625 0.1234375 0.0984375
1 0.92734375 0.546875 0.1453125 0.125
0 0.4125 0.46875 0.121875 0.103125
0 0.66640625 0.51484375 0.125 0.1046875
1 0.90546875 0.734375 0.140625 0.1296875
0 0.3984375 0.65703125 0.13125 0.0984375
0 0.14609375 0.61875 0.1265625 0.115625
0 0.63515625 0.69921875 0.1375 0.1078125
1 0.63671875 0.90859375 0.15 0.1203125
0 0.1296875 0.83203125 0.1234375 0.1125
0 0.37734375 0.87265625 0.128125 0.1109375
1 0.87734375 0.95546875 0.1203125 0.0890625