1 0.79453125 0.95078125 0.1078125 0.0984375
0 0.875 0.2640625 0.0875 0.1171875
0 0.81640625 0.703125 0.096875 0.1140625
0 0.83828125 0.48671875 0.0875 0.1125
1 0.67109375 0.93671875 0.1046875 0.1265625
0 0.746875 0.265625 0.0875 0.1078125
0 0.7078125 0.49140625 0.0875 0.109375
0 0.66953125 0.70234375 0.096875 0.1125
0 0.59453125 0.24609375 0.0890625 0.1140625
1 0.50546875 0.9359375 0.1140625 0.128125
0 0.56171875 0.45 0.09375 0.1125
0 0.52734375 0.69140625 0.09375 0.115625
1 0.32734375 0.92421875 0.11875 0.128125
0 0.38359375 0.44296875 0.090625 0.121875
0 0.41171875 0.203125 0.10625 0.1171875
0 0.3515625 0.66875 0.0984375 0.128125
1 0.15390625 0.67734375 0.109375 0.140625
0 0.209375 0.1953125 0.103125 0.115625
0 0.1796875 0.43046875 0.1015625 0.11875
1 0.09140625 0.90625 0.134375 0.1078125