1 0.8796875 0.89453125 0.1046875 0.13125
0 0.81328125 0.1875 0.084375 0.115625
0 0.846875 0.62890625 0.09375 0.109375
0 0.82265625 0.4125 0.084375 0.109375
1 0.75546875 0.89375 0.1 0.1390625
0 0.6875 0.215625 0.084375 0.10625
0 0.696875 0.44453125 0.0828125 0.1078125
0 0.703125 0.65859375 0.09375 0.109375
0 0.534375 0.22734375 0.0859375 0.1125
1 0.5921875 0.928125 0.1109375 0.1390625
0 0.5453125 0.434375 0.090625 0.109375
0 0.56171875 0.67734375 0.090625 0.1125
1 0.41484375 0.94140625 0.1140625 0.1171875
0 0.36875 0.4640625 0.0859375 0.1203125
0 0.34609375 0.22421875 0.103125 0.1140625
0 0.38515625 0.69140625 0.09375 0.125
1 0.19296875 0.73984375 0.1046875 0.1359375
0 0.146875 0.25703125 0.1 0.1109375
0 0.16640625 0.49453125 0.0984375 0.1171875
1 0.178125 0.9625 0.13125 0.075