0 0.25234375 0.8515625 0.1125 0.0921875
1 0.90859375 0.7640625 0.13125 0.1015625
0 0.4640625 0.809375 0.1078125 0.084375
0 0.67578125 0.7828125 0.11875 0.090625
0 0.2578125 0.72109375 0.1125 0.090625
1 0.87421875 0.6421875 0.1375 0.1
0 0.4703125 0.68359375 0.1046875 0.084375
0 0.6609375 0.646875 0.1015625 0.0796875
0 0.24921875 0.57578125 0.115625 0.090625
0 0.434375 0.5484375 0.1015625 0.0796875
1 0.8625 0.49375 0.13125 0.1015625
0 0.646875 0.5109375 0.1078125 0.084375
1 0.84921875 0.34609375 0.125 0.0984375
0 0.42578125 0.3890625 0.1078125 0.0875
0 0.61953125 0.36328125 0.1046875 0.084375
0 0.215625 0.41015625 0.1015625 0.084375
0 0.6171875 0.20234375 0.1078125 0.084375
0 0.4234375 0.2203125 0.1015625 0.084375
0 0.2203125 0.23984375 0.1125 0.090625
1 0.82578125 0.15546875 0.1265625 0.1046875