0 0.72890625 0.76640625 0.084375 0.103125
1 0.8078125 0.1671875 0.09375 0.1203125
0 0.7421875 0.5703125 0.0796875 0.0984375
0 0.76953125 0.378125 0.084375 0.109375
0 0.615625 0.73125 0.084375 0.103125
1 0.6921875 0.1703125 0.0921875 0.125
0 0.63359375 0.534375 0.0796875 0.096875
0 0.64609375 0.3578125 0.0734375 0.0953125
0 0.48515625 0.7046875 0.084375 0.10625
0 0.5046875 0.534375 0.0734375 0.0953125
1 0.55859375 0.14375 0.09375 0.1203125
0 0.52265625 0.33828125 0.0796875 0.0984375
1 0.425 0.1203125 0.090625 0.115625
0 0.36171875 0.5046875 0.08125 0.1
0 0.3859375 0.328125 0.0796875 0.096875
0 0.33203125 0.6953125 0.078125 0.0953125
0 0.24296875 0.29296875 0.0796875 0.1015625
0 0.21328125 0.4671875 0.078125 0.0953125
0 0.1828125 0.65078125 0.084375 0.103125
1 0.25078125 0.09609375 0.0953125 0.1171875