0 0.68984375 0.20390625 0.109375 0.0890625
1 0.06328125 0.30859375 0.1265625 0.1015625
0 0.4890625 0.25078125 0.10625 0.0859375
0 0.28671875 0.2828125 0.1171875 0.090625
0 0.6890625 0.32890625 0.109375 0.0890625
1 0.10234375 0.42421875 0.1328125 0.1
0 0.4859375 0.371875 0.103125 0.0859375
0 0.30546875 0.41328125 0.1 0.0796875
0 0.70234375 0.46796875 0.1109375 0.0890625
0 0.52578125 0.50078125 0.1 0.0796875
1 0.11640625 0.5671875 0.128125 0.1015625
0 0.32265625 0.54296875 0.10625 0.0859375
1 0.134375 0.70859375 0.121875 0.096875
0 0.5390625 0.65390625 0.1078125 0.0875
0 0.3546875 0.684375 0.103125 0.0859375
0 0.73984375 0.62578125 0.1 0.0859375
0 0.36328125 0.8390625 0.1078125 0.0859375
0 0.54765625 0.8140625 0.1 0.0859375
0 0.74140625 0.7890625 0.109375 0.090625
1 0.16328125 0.89140625 0.1234375 0.1015625