0 0.20703125 0.26875 0.0796875 0.1015625
1 0.19140625 0.90390625 0.0890625 0.11875
0 0.215625 0.475 0.075 0.1
0 0.20859375 0.67890625 0.0796875 0.109375
0 0.33046875 0.29296875 0.0796875 0.1015625
1 0.3125 0.8875 0.0859375 0.125
0 0.33359375 0.50078125 0.075 0.096875
0 0.33984375 0.68671875 0.06875 0.0921875
0 0.46953125 0.30625 0.078125 0.103125
0 0.46796875 0.48671875 0.06875 0.0921875
1 0.4546875 0.9 0.0890625 0.11875
0 0.4703125 0.69375 0.075 0.1
1 0.596875 0.91015625 0.084375 0.1140625
0 0.6203125 0.5015625 0.0765625 0.1
0 0.61484375 0.68984375 0.075 0.096875
0 0.63046875 0.3 0.075 0.09375
0 0.76796875 0.71015625 0.075 0.1015625
0 0.7796875 0.525 0.075 0.09375
0 0.79140625 0.3296875 0.078125 0.1015625
1 0.78125 0.91640625 0.0890625 0.1140625