0 0.71953125 0.7859375 0.1 0.0796875
1 0.10546875 0.7359375 0.1171875 0.0890625
0 0.52109375 0.759375 0.0984375 0.075
0 0.3234375 0.7453125 0.1078125 0.0796875
0 0.70859375 0.6671875 0.1 0.0796875
1 0.1328125 0.6234375 0.1234375 0.0890625
0 0.50859375 0.640625 0.0953125 0.075
0 0.3296875 0.61796875 0.0921875 0.0703125
0 0.709375 0.5296875 0.1015625 0.0796875
0 0.5359375 0.5125 0.0921875 0.0703125
1 0.13515625 0.48515625 0.1171875 0.0890625
0 0.3359375 0.490625 0.0984375 0.075
1 0.13984375 0.346875 0.1125 0.0859375
0 0.53671875 0.3640625 0.0984375 0.078125
0 0.3546875 0.35 0.0953125 0.075
0 0.73203125 0.37578125 0.0921875 0.075
0 0.3484375 0.2 0.0984375 0.075
0 0.52890625 0.2078125 0.0953125 0.075
0 0.7203125 0.21796875 0.1 0.0796875
1 0.15234375 0.16640625 0.1140625 0.0921875