0 0.2234375 0.77421875 0.1046875 0.0828125
1 0.85703125 0.8234375 0.121875 0.09375
0 0.43046875 0.778125 0.103125 0.0796875
0 0.634375 0.7953125 0.1125 0.0859375
0 0.2546875 0.653125 0.1046875 0.0828125
1 0.846875 0.703125 0.128125 0.0921875
0 0.46171875 0.6609375 0.1 0.0796875
0 0.64765625 0.66484375 0.0953125 0.0734375
0 0.27578125 0.515625 0.10625 0.0828125
0 0.4546875 0.5265625 0.0953125 0.0734375
1 0.8671875 0.5609375 0.121875 0.09375
0 0.66171875 0.534375 0.103125 0.0796875
1 0.88515625 0.4203125 0.1171875 0.090625
0 0.478125 0.375 0.103125 0.08125
0 0.665625 0.390625 0.1 0.0796875
0 0.2765625 0.353125 0.096875 0.0796875
0 0.69375 0.2375 0.1046875 0.0796875
0 0.51015625 0.2171875 0.096875 0.0796875
0 0.31484375 0.1953125 0.1046875 0.0828125
1 0.90078125 0.2359375 0.11875 0.0953125