0 0.21328125 0.23125 0.084375 0.109375
1 0.24453125 0.92109375 0.0953125 0.1296875
0 0.2375 0.4546875 0.0796875 0.1078125
0 0.2453125 0.67734375 0.0859375 0.11875
0 0.3484375 0.2484375 0.084375 0.109375
1 0.37421875 0.89609375 0.0921875 0.1375
0 0.3671875 0.4734375 0.0796875 0.1046875
0 0.38828125 0.67421875 0.075 0.103125
0 0.5 0.253125 0.084375 0.1125
0 0.5125 0.446875 0.075 0.103125
1 0.52890625 0.89765625 0.0953125 0.1296875
0 0.53125 0.67265625 0.0796875 0.1078125
1 0.684375 0.89765625 0.0921875 0.125
0 0.678125 0.45234375 0.0828125 0.1078125
0 0.68671875 0.65703125 0.0796875 0.1046875
0 0.675 0.2328125 0.0796875 0.103125
0 0.85546875 0.66875 0.0796875 0.1078125
0 0.85390625 0.465625 0.0796875 0.103125
0 0.8515625 0.25234375 0.084375 0.109375
1 0.88515625 0.890625 0.0984375 0.125