0 0.16484375 0.7515625 0.0859375 0.10625
1 0.228125 0.10625 0.09375 0.125
0 0.19921875 0.54375 0.0796875 0.103125
0 0.2171875 0.3359375 0.0875 0.115625
0 0.2921875 0.7421875 0.0859375 0.10625
1 0.3484375 0.1359375 0.09375 0.1328125
0 0.321875 0.53203125 0.0796875 0.1015625
0 0.35078125 0.3453125 0.075 0.1
0 0.434375 0.7453125 0.0875 0.109375
0 0.45625 0.56328125 0.075 0.1
1 0.49375 0.14296875 0.0953125 0.1265625
0 0.484375 0.35390625 0.0796875 0.103125
1 0.63984375 0.15 0.0921875 0.11875
0 0.61171875 0.5671875 0.0828125 0.103125
0 0.6296875 0.37578125 0.0796875 0.1015625
0 0.59765625 0.771875 0.0796875 0.1
0 0.78828125 0.37265625 0.0796875 0.103125
0 0.7765625 0.5625 0.0796875 0.1
0 0.7640625 0.7625 0.0859375 0.10625
1 0.8265625 0.16640625 0.096875 0.1203125