0 0.15234375 0.2796875 0.09375 0.1125
1 0.27109375 0.9171875 0.103125 0.13125
0 0.2046875 0.48359375 0.0875 0.1078125
0 0.240625 0.6890625 0.0953125 0.121875
0 0.28046875 0.27890625 0.09375 0.1125
1 0.38828125 0.87578125 0.103125 0.1359375
0 0.32734375 0.484375 0.0875 0.10625
0 0.37265625 0.66953125 0.0828125 0.1046875
0 0.421875 0.2625 0.0953125 0.115625
0 0.4578125 0.4421875 0.0828125 0.1046875
1 0.5328125 0.85859375 0.1046875 0.13125
0 0.50546875 0.6484375 0.0875 0.1078125
1 0.6765625 0.8375 0.1015625 0.125
0 0.6140625 0.425 0.090625 0.1078125
0 0.6484375 0.61328125 0.0875 0.10625
0 0.58203125 0.22109375 0.0875 0.1046875
0 0.80625 0.6015625 0.0875 0.1109375
0 0.77734375 0.41484375 0.0875 0.1046875
0 0.7484375 0.21640625 0.09375 0.1125
1 0.8625 0.8046875 0.10625 0.1265625