0 0.23515625 0.26328125 0.0875 0.1078125
1 0.19453125 0.92578125 0.0953125 0.1140625
0 0.2359375 0.48125 0.08125 0.10625
0 0.22109375 0.69765625 0.0890625 0.1171875
0 0.3640625 0.29296875 0.0875 0.1078125
1 0.3234375 0.921875 0.0953125 0.134375
0 0.359375 0.51328125 0.08125 0.1046875
0 0.359375 0.71015625 0.075 0.1015625
0 0.5109375 0.3125 0.0890625 0.1109375
0 0.50234375 0.50234375 0.075 0.1015625
1 0.47265625 0.9375 0.0953125 0.125
0 0.49765625 0.721875 0.08125 0.10625
1 0.6234375 0.946875 0.09375 0.10625
0 0.6625 0.525 0.084375 0.10625
0 0.65078125 0.7234375 0.08125 0.1046875
0 0.68203125 0.31171875 0.08125 0.1015625
0 0.8125 0.7515625 0.0828125 0.109375
0 0.83125 0.55546875 0.08125 0.1015625
0 0.8515625 0.34921875 0.0890625 0.109375
1 0.81796875 0.95390625 0.0984375 0.0921875