0 0.7546875 0.21484375 0.1109375 0.090625
1 0.10546875 0.30078125 0.128125 0.1
0 0.54609375 0.25546875 0.1078125 0.0828125
0 0.33671875 0.28125 0.11875 0.090625
0 0.75 0.34375 0.1109375 0.090625
1 0.13984375 0.4203125 0.1375 0.1
0 0.5390625 0.3796875 0.1046875 0.0828125
0 0.35 0.41640625 0.1015625 0.0796875
0 0.7578125 0.48671875 0.1125 0.090625
0 0.575 0.5140625 0.1015625 0.0796875
1 0.1515625 0.56796875 0.128125 0.1
0 0.36484375 0.55078125 0.1078125 0.0828125
1 0.1640625 0.7140625 0.125 0.0984375
0 0.584375 0.67265625 0.1078125 0.0859375
0 0.3921875 0.696875 0.1046875 0.0828125
0 0.79140625 0.65078125 0.1015625 0.0828125
0 0.39453125 0.85703125 0.1078125 0.084375
0 0.58671875 0.83828125 0.1015625 0.0828125
0 0.78671875 0.81875 0.1109375 0.090625
1 0.1875 0.903125 0.125 0.1015625