0 0.74375 0.74140625 0.08125 0.103125
1 0.78203125 0.10703125 0.0921875 0.121875
0 0.74609375 0.53515625 0.078125 0.1015625
0 0.76015625 0.33125 0.0828125 0.1109375
0 0.62421875 0.7125 0.08125 0.103125
1 0.6625 0.11875 0.0921875 0.128125
0 0.6265625 0.5046875 0.078125 0.0984375
0 0.6296875 0.31953125 0.071875 0.0953125
0 0.484375 0.69375 0.08125 0.1046875
0 0.49140625 0.5140625 0.071875 0.0953125
1 0.521875 0.1015625 0.0921875 0.121875
0 0.4984375 0.30703125 0.078125 0.1015625
1 0.3796875 0.08671875 0.0890625 0.115625
0 0.33984375 0.49375 0.0796875 0.1015625
0 0.3515625 0.30625 0.078125 0.0984375
0 0.32421875 0.6953125 0.078125 0.0953125
0 0.19921875 0.27890625 0.078125 0.1015625
0 0.18046875 0.46328125 0.078125 0.0984375
0 0.16484375 0.66015625 0.08125 0.103125
1 0.19296875 0.0734375 0.09375 0.1171875