0 0.23125 0.2625 0.1046875 0.0859375
1 0.846875 0.19296875 0.121875 0.09375
0 0.4328125 0.25234375 0.1015625 0.0796875
0 0.63046875 0.228125 0.1109375 0.0875
0 0.265625 0.3796875 0.1046875 0.0859375
1 0.84296875 0.31171875 0.1296875 0.0921875
0 0.46796875 0.36484375 0.0984375 0.0796875
0 0.6484375 0.3546875 0.0953125 0.075
0 0.290625 0.51328125 0.10625 0.0859375
0 0.46484375 0.496875 0.0953125 0.075
1 0.865625 0.4484375 0.121875 0.09375
0 0.66640625 0.48203125 0.1015625 0.0796875
1 0.8875 0.5859375 0.11875 0.090625
0 0.4921875 0.64375 0.1015625 0.0828125
0 0.675 0.62265625 0.0984375 0.0796875
0 0.29765625 0.67109375 0.0953125 0.078125
0 0.709375 0.76953125 0.1015625 0.0796875
0 0.52890625 0.79609375 0.0953125 0.078125
0 0.33984375 0.825 0.1046875 0.0859375
1 0.909375 0.76484375 0.11875 0.096875