0 0.790625 0.27734375 0.0765625 0.0984375
1 0.7734375 0.909375 0.084375 0.1171875
0 0.77109375 0.48203125 0.071875 0.096875
0 0.76796875 0.6859375 0.0765625 0.1078125
0 0.6671875 0.29609375 0.0765625 0.0984375
1 0.65390625 0.8890625 0.0828125 0.125
0 0.653125 0.50078125 0.071875 0.0953125
0 0.6375 0.6859375 0.0671875 0.0921875
0 0.528125 0.30234375 0.0765625 0.1015625
0 0.5203125 0.4796875 0.0671875 0.0921875
1 0.51171875 0.8921875 0.084375 0.1171875
0 0.50703125 0.6859375 0.071875 0.096875
1 0.36953125 0.89453125 0.0828125 0.1125
0 0.36796875 0.4875 0.0734375 0.096875
0 0.3640625 0.675 0.071875 0.0953125
0 0.36796875 0.28671875 0.071875 0.0921875
0 0.21015625 0.6890625 0.071875 0.096875
0 0.20859375 0.50234375 0.071875 0.0921875
0 0.20703125 0.30703125 0.0765625 0.0984375
1 0.18671875 0.89140625 0.0859375 0.1125