0 0.78203125 0.25625 0.10625 0.0875
1 0.16796875 0.17578125 0.1234375 0.096875
0 0.58125 0.23984375 0.103125 0.08125
0 0.38359375 0.2125 0.1125 0.0890625
0 0.7453125 0.3703125 0.10625 0.0875
1 0.17109375 0.29375 0.128125 0.096875
0 0.54375 0.3546875 0.1 0.08125
0 0.36328125 0.3390625 0.0953125 0.075
0 0.71796875 0.50546875 0.1078125 0.0875
0 0.54453125 0.48671875 0.0953125 0.075
1 0.14453125 0.42890625 0.1234375 0.096875
0 0.34296875 0.465625 0.103125 0.08125
1 0.1203125 0.565625 0.11875 0.09375
0 0.51328125 0.6328125 0.103125 0.084375
0 0.33203125 0.6078125 0.1 0.08125
0 0.70859375 0.6609375 0.096875 0.0796875
0 0.2953125 0.7546875 0.103125 0.08125
0 0.4734375 0.78515625 0.1 0.08125
0 0.66328125 0.8140625 0.10625 0.0875
1 0.09453125 0.746875 0.1203125 0.0984375