0 0.18359375 0.14765625 0.0671875 0.090625
0 0.21796875 0.634375 0.0703125 0.0984375
0 0.20390625 0.28125 0.0671875 0.09375
0 0.21484375 0.44140625 0.071875 0.09375
0 0.24453125 0.83828125 0.078125 0.1046875
0 0.3125 0.14453125 0.0703125 0.090625
0 0.334375 0.43671875 0.0671875 0.0984375
0 0.3546875 0.61875 0.0671875 0.0890625
0 0.3359375 0.2828125 0.0703125 0.09375
0 0.38046875 0.8234375 0.071875 0.0984375
0 0.440625 0.13125 0.071875 0.09375
0 0.4625 0.28046875 0.0671875 0.0890625
0 0.48828125 0.609375 0.071875 0.0984375
0 0.47890625 0.43203125 0.0671875 0.0890625
0 0.51171875 0.79453125 0.0671875 0.09375
2 0.553125 0.109375 0.078125 0.0890625
2 0.5765625 0.23828125 0.071875 0.09375
2 0.59375 0.40546875 0.078125 0.1078125
2 0.62265625 0.7453125 0.071875 0.0984375
2 0.61640625 0.578125 0.071875 0.0984375
2 0.6765625 0.23984375 0.071875 0.0984375
2 0.67109375 0.12109375 0.071875 0.0890625
2 0.696875 0.39296875 0.08125 0.0953125
2 0.75 0.57421875 0.084375 0.0984375
2 0.7625 0.7515625 0.071875 0.1046875
2 0.76875 0.0890625 0.078125 0.09375
2 0.8015625 0.25 0.075 0.0984375
2 0.815625 0.4 0.078125 0.0984375
2 0.85859375 0.734375 0.078125 0.1046875
2 0.853125 0.57578125 0.078125 0.1046875
2 0.91171875 0.2203125 0.078125 0.0890625
2 0.90703125 0.07578125 0.071875 0.0890625
2 0.95859375 0.56484375 0.078125 0.0984375
2 0.971875 0.85234375 0.05625 0.1046875
2 0.96953125 0.728125 0.0609375 0.1
2 0.9640625 0.3765625 0.0640625 0.10625