0 0.18125 0.9171875 0.0859375 0.06875
0 0.61640625 0.8390625 0.0953125 0.0734375
0 0.29765625 0.8859375 0.0890625 0.06875
0 0.4453125 0.86015625 0.090625 0.0734375
0 0.79921875 0.7953125 0.1015625 0.08125
0 0.1625 0.80078125 0.0875 0.071875
0 0.42578125 0.75 0.09375 0.0703125
0 0.5890625 0.71328125 0.084375 0.06875
0 0.28671875 0.76640625 0.090625 0.071875
0 0.7734375 0.6703125 0.09375 0.075
0 0.13828125 0.68515625 0.090625 0.0734375
0 0.27421875 0.65078125 0.084375 0.06875
0 0.56796875 0.59375 0.0953125 0.075
0 0.41015625 0.62109375 0.084375 0.06875
0 0.73671875 0.55546875 0.0890625 0.06875
2 0.1078125 0.58203125 0.0859375 0.078125
2 0.22578125 0.55078125 0.090625 0.0734375
2 0.375 0.5171875 0.103125 0.08125
2 0.67890625 0.4609375 0.0953125 0.075
2 0.52734375 0.48046875 0.0953125 0.075
2 0.21640625 0.45703125 0.0953125 0.075
2 0.109375 0.4734375 0.0859375 0.0734375
2 0.35078125 0.425 0.0953125 0.0828125
2 0.5109375 0.36171875 0.096875 0.0859375
2 0.67109375 0.33359375 0.1 0.075
2 0.0703125 0.3875 0.0921875 0.078125
2 0.2125 0.34609375 0.0953125 0.0765625
2 0.346875 0.31875 0.0953125 0.0796875
2 0.64765625 0.246875 0.103125 0.08125
2 0.5046875 0.2671875 0.1 0.0796875
2 0.17734375 0.24765625 0.0859375 0.078125
2 0.04375 0.26640625 0.084375 0.0734375
2 0.48515625 0.1703125 0.0953125 0.0796875
2 0.7421875 0.11875 0.103125 0.0890625
2 0.63046875 0.13671875 0.09375 0.0796875
2 0.31328125 0.1796875 0.103125 0.0765625