0 0.24140625 0.07109375 0.0640625 0.084375
0 0.175 0.4984375 0.06875 0.0921875
0 0.2328125 0.19140625 0.0640625 0.0859375
0 0.21015625 0.33203125 0.0703125 0.0859375
0 0.1578125 0.6796875 0.0765625 0.096875
0 0.35390625 0.09375 0.0671875 0.084375
0 0.3140625 0.35078125 0.065625 0.0921875
0 0.29609375 0.5125 0.0640625 0.0828125
0 0.34609375 0.21875 0.0671875 0.0859375
0 0.27734375 0.69375 0.071875 0.0921875
0 0.4671875 0.1078125 0.0703125 0.0859375
0 0.45625 0.24140625 0.0640625 0.0828125
0 0.4125 0.53125 0.071875 0.0921875
0 0.43984375 0.37578125 0.0640625 0.0828125
0 0.396875 0.6953125 0.0640625 0.0859375
2 0.56875 0.1125 0.075 0.084375
2 0.5625 0.228125 0.0703125 0.0859375
2 0.5453125 0.37578125 0.078125 0.1
2 0.50234375 0.675 0.071875 0.0921875
2 0.5296875 0.5296875 0.071875 0.0921875
2 0.65 0.24921875 0.071875 0.0921875
2 0.66875 0.1453125 0.0703125 0.0828125
2 0.63671875 0.3859375 0.078125 0.090625
2 0.64609375 0.553125 0.08125 0.09375
2 0.62109375 0.709375 0.071875 0.0953125
2 0.759375 0.13671875 0.075 0.0875
2 0.7546875 0.28359375 0.075 0.09375
2 0.73828125 0.415625 0.0765625 0.09375
2 0.70859375 0.7125 0.0765625 0.096875
2 0.73515625 0.57421875 0.0765625 0.096875
2 0.85703125 0.2796875 0.075 0.084375
2 0.88125 0.15390625 0.0703125 0.0828125
2 0.828125 0.58671875 0.0765625 0.09375
2 0.79453125 0.840625 0.08125 0.0984375
2 0.8125 0.73125 0.0765625 0.09375
2 0.87578125 0.42578125 0.0734375 0.0984375