0 0.85078125 0.0875 0.0625 0.084375
0 0.825 0.5484375 0.0640625 0.09375
0 0.834375 0.21484375 0.0625 0.0875
0 0.82578125 0.3671875 0.0671875 0.0875
0 0.803125 0.74296875 0.0734375 0.096875
0 0.728125 0.08671875 0.0640625 0.084375
0 0.71328125 0.36328125 0.0625 0.09375
0 0.69609375 0.53671875 0.0625 0.08125
0 0.70859375 0.21796875 0.0640625 0.0875
0 0.675 0.73046875 0.0671875 0.09375
0 0.60703125 0.07578125 0.0671875 0.0875
0 0.58828125 0.2171875 0.0625 0.08125
0 0.56953125 0.53046875 0.0671875 0.09375
0 0.57578125 0.36171875 0.0625 0.08125
0 0.54921875 0.70546875 0.0625 0.0875
2 0.5 0.05703125 0.0734375 0.08125
2 0.4796875 0.1796875 0.0671875 0.0875
2 0.46640625 0.33828125 0.0734375 0.1
2 0.44375 0.6609375 0.0671875 0.09375
2 0.44765625 0.50234375 0.0671875 0.09375
2 0.38515625 0.18359375 0.0671875 0.09375
2 0.38828125 0.0703125 0.0671875 0.08125
2 0.36796875 0.328125 0.0765625 0.090625
2 0.32109375 0.50078125 0.078125 0.09375
2 0.31171875 0.66953125 0.0671875 0.096875
2 0.29453125 0.0421875 0.0734375 0.084375
2 0.2671875 0.1953125 0.0703125 0.09375
2 0.25546875 0.33671875 0.0734375 0.09375
2 0.2203125 0.6546875 0.0734375 0.096875
2 0.22265625 0.50390625 0.0734375 0.096875
2 0.16171875 0.16875 0.0734375 0.08125
2 0.16328125 0.0359375 0.0671875 0.071875
2 0.1234375 0.49609375 0.0734375 0.09375
2 0.10078125 0.76953125 0.078125 0.0984375
2 0.10703125 0.65078125 0.0734375 0.09375
2 0.109375 0.3171875 0.0671875 0.1