0 0.03046875 0.80703125 0.0609375 0.0609375
0 0.48359375 0.8234375 0.0921875 0.0640625
0 0.14609375 0.8015625 0.0859375 0.0625
0 0.303125 0.80703125 0.0859375 0.0671875
0 0.68046875 0.8171875 0.0984375 0.071875
0 0.034375 0.68359375 0.06875 0.0640625
0 0.30703125 0.690625 0.0921875 0.0625
0 0.4828125 0.68828125 0.08125 0.0625
0 0.1609375 0.67578125 0.0875 0.0640625
0 0.68125 0.684375 0.0890625 0.0671875
0 0.03515625 0.56015625 0.0703125 0.0671875
0 0.1734375 0.5546875 0.08125 0.0625
0 0.48671875 0.56015625 0.0921875 0.0671875
0 0.31953125 0.5546875 0.08125 0.0625
0 0.66796875 0.559375 0.0859375 0.0625
2 0.0296875 0.44921875 0.059375 0.0703125
2 0.1453125 0.4421875 0.0859375 0.0671875
2 0.30703125 0.43984375 0.1 0.071875
2 0.62890625 0.44921875 0.0921875 0.0671875
2 0.4703125 0.43515625 0.0921875 0.0671875
2 0.15703125 0.34453125 0.0921875 0.0671875
2 0.04453125 0.33828125 0.0796875 0.0671875
2 0.30234375 0.33984375 0.090625 0.075
2 0.4796875 0.31015625 0.09375 0.078125
2 0.65 0.31640625 0.0984375 0.0671875
2 0.03671875 0.24140625 0.059375 0.0703125
2 0.1765625 0.22890625 0.0921875 0.0703125
2 0.3203125 0.23046875 0.09375 0.071875
2 0.64375 0.22265625 0.1 0.071875
2 0.49453125 0.2125 0.0984375 0.071875
2 0.1625 0.12109375 0.0828125 0.0734375
2 0.0375 0.1109375 0.05 0.065625
2 0.49453125 0.10859375 0.09375 0.071875
2 0.76953125 0.11171875 0.1 0.08125
2 0.65078125 0.10546875 0.090625 0.071875
2 0.31640625 0.08046875 0.1 0.0671875