0 0.90390625 0.81796875 0.078125 0.0578125
0 0.471875 0.83203125 0.0859375 0.059375
0 0.7859375 0.81171875 0.0796875 0.0578125
0 0.63984375 0.8171875 0.0796875 0.0625
0 0.28828125 0.82734375 0.090625 0.0671875
0 0.896875 0.70234375 0.078125 0.059375
0 0.6359375 0.7078125 0.0859375 0.0578125
0 0.47265625 0.70625 0.0765625 0.0578125
0 0.771875 0.69453125 0.0796875 0.059375
0 0.28828125 0.703125 0.0828125 0.0625
0 0.896875 0.5875 0.0796875 0.0625
0 0.7609375 0.58203125 0.0765625 0.0578125
0 0.46875 0.5875 0.0859375 0.0625
0 0.62421875 0.5828125 0.0765625 0.0578125
0 0.3 0.5859375 0.0796875 0.0578125
2 0.90625 0.48359375 0.0765625 0.0671875
2 0.78671875 0.47734375 0.0796875 0.0625
2 0.63671875 0.47578125 0.0921875 0.0671875
2 0.3359375 0.4828125 0.0859375 0.0625
2 0.484375 0.47109375 0.0859375 0.0625
2 0.77578125 0.38671875 0.0859375 0.0625
2 0.88203125 0.38046875 0.0765625 0.0625
2 0.640625 0.3828125 0.0828125 0.0703125
2 0.475 0.3546875 0.0875 0.071875
2 0.3171875 0.36015625 0.090625 0.0625
2 0.9015625 0.290625 0.0796875 0.0671875
2 0.75703125 0.27890625 0.0859375 0.065625
2 0.6234375 0.2796875 0.0859375 0.0671875
2 0.32265625 0.2734375 0.0921875 0.0671875
2 0.46171875 0.2640625 0.090625 0.0671875
2 0.77109375 0.17890625 0.0765625 0.0671875
2 0.90234375 0.16875 0.0765625 0.0625
2 0.4609375 0.16640625 0.0859375 0.0671875
2 0.20625 0.16953125 0.0921875 0.075
2 0.31640625 0.16484375 0.0828125 0.0671875
2 0.62734375 0.14140625 0.0921875 0.0625