0 0.92734375 0.09609375 0.084375 0.059375
0 0.44765625 0.09765625 0.09375 0.0625
0 0.796875 0.10703125 0.0890625 0.059375
0 0.634375 0.10703125 0.0890625 0.065625
0 0.24453125 0.11015625 0.1 0.071875
0 0.92421875 0.22421875 0.084375 0.0625
0 0.634375 0.228125 0.09375 0.059375
0 0.453125 0.2359375 0.08125 0.059375
0 0.7859375 0.2375 0.0875 0.0625
0 0.2484375 0.246875 0.090625 0.065625
0 0.92890625 0.3515625 0.0875 0.065625
0 0.77734375 0.3625 0.08125 0.059375
0 0.453125 0.36796875 0.09375 0.065625
0 0.6265625 0.36796875 0.08125 0.059375
0 0.26640625 0.3765625 0.0875 0.059375
2 0.9421875 0.4671875 0.08125 0.071875
2 0.81015625 0.478125 0.0875 0.065625
2 0.64453125 0.4859375 0.1015625 0.071875
2 0.31015625 0.4890625 0.09375 0.065625
2 0.475 0.496875 0.09375 0.065625
2 0.80234375 0.5796875 0.09375 0.065625
2 0.9203125 0.58203125 0.08125 0.065625
2 0.65234375 0.5890625 0.090625 0.075
2 0.46953125 0.6265625 0.09375 0.0765625
2 0.29375 0.6265625 0.1 0.065625
2 0.9453125 0.68125 0.0875 0.071875
2 0.7859375 0.69921875 0.09375 0.06875
2 0.6375 0.703125 0.09375 0.071875
2 0.30390625 0.72265625 0.1015625 0.071875
2 0.45859375 0.728125 0.1 0.071875
2 0.8046875 0.81015625 0.08125 0.071875
2 0.95078125 0.815625 0.08125 0.065625
2 0.46171875 0.83515625 0.09375 0.071875
2 0.17890625 0.8421875 0.1 0.0796875
2 0.30078125 0.84375 0.090625 0.071875
2 0.646875 0.85703125 0.1015625 0.065625