0 0.0546875 0.2421875 0.0859375 0.0671875
0 0.49765625 0.1734375 0.0953125 0.071875
0 0.178125 0.2328125 0.0890625 0.06875
0 0.325 0.209375 0.0890625 0.0734375
0 0.6859375 0.15546875 0.1015625 0.0796875
0 0.07890625 0.35859375 0.0875 0.071875
0 0.34453125 0.31796875 0.0953125 0.06875
0 0.5125 0.29921875 0.084375 0.0671875
0 0.2078125 0.35078125 0.0890625 0.071875
0 0.7 0.2796875 0.0953125 0.0734375
0 0.09375 0.4765625 0.0890625 0.0734375
0 0.23125 0.46484375 0.084375 0.0671875
0 0.53125 0.41953125 0.0953125 0.0734375
0 0.37109375 0.4484375 0.084375 0.0671875
0 0.7015625 0.403125 0.0890625 0.06875
2 0.096875 0.58203125 0.0859375 0.0765625
2 0.21796875 0.57578125 0.0890625 0.0734375
2 0.3703125 0.55703125 0.103125 0.0796875
2 0.6796875 0.5125 0.0953125 0.0734375
2 0.5296875 0.5421875 0.0953125 0.0734375
2 0.23984375 0.665625 0.09375 0.0734375
2 0.13125 0.68515625 0.084375 0.071875
2 0.38125 0.6515625 0.09375 0.08125
2 0.55390625 0.6625 0.0984375 0.084375
2 0.715625 0.63671875 0.1 0.075
2 0.1234375 0.7796875 0.090625 0.078125
2 0.27421875 0.77421875 0.096875 0.0765625
2 0.41171875 0.75703125 0.0953125 0.078125
2 0.71953125 0.7265625 0.1015625 0.0796875
2 0.5765625 0.75390625 0.1015625 0.0796875
2 0.2703125 0.8796875 0.0859375 0.0765625
2 0.140625 0.90546875 0.084375 0.071875
2 0.58828125 0.85 0.096875 0.078125
2 0.85234375 0.815625 0.1015625 0.0859375
2 0.7390625 0.83359375 0.096875 0.078125
2 0.42265625 0.9 0.103125 0.075