0 0.88125 0.178125 0.08125 0.059375
0 0.42890625 0.1640625 0.0890625 0.0625
0 0.75546875 0.18359375 0.084375 0.059375
0 0.60625 0.17890625 0.084375 0.065625
0 0.23828125 0.16875 0.0953125 0.0703125
0 0.871875 0.29765625 0.08125 0.0625
0 0.6 0.2890625 0.0890625 0.059375
0 0.4296875 0.29140625 0.0796875 0.059375
0 0.74140625 0.30625 0.084375 0.0625
0 0.2390625 0.29453125 0.0890625 0.065625
0 0.871875 0.41796875 0.084375 0.065625
0 0.7328125 0.42265625 0.0796875 0.059375
0 0.42578125 0.41484375 0.0890625 0.065625
0 0.58984375 0.4234375 0.0796875 0.059375
0 0.25234375 0.41953125 0.084375 0.059375
2 0.88046875 0.5234375 0.0796875 0.0703125
2 0.759375 0.5328125 0.084375 0.065625
2 0.60390625 0.53203125 0.096875 0.0703125
2 0.2875 0.5265625 0.0890625 0.065625
2 0.44140625 0.5359375 0.0890625 0.065625
2 0.7484375 0.62421875 0.0890625 0.065625
2 0.85859375 0.63125 0.0796875 0.065625
2 0.6046875 0.62890625 0.0875 0.071875
2 0.4328125 0.66015625 0.090625 0.075
2 0.26796875 0.6546875 0.0953125 0.065625
2 0.87890625 0.725 0.084375 0.0703125
2 0.7265625 0.73828125 0.0890625 0.0671875
2 0.58671875 0.7375 0.0890625 0.0703125
2 0.275 0.74453125 0.0953125 0.0703125
2 0.421875 0.75546875 0.0953125 0.0703125
2 0.74375 0.84375 0.0796875 0.0703125
2 0.87734375 0.853125 0.0796875 0.065625
2 0.4203125 0.853125 0.0890625 0.0703125
2 0.15234375 0.8515625 0.096875 0.075
2 0.26875 0.85546875 0.0890625 0.0703125
2 0.59375 0.88203125 0.096875 0.065625