0 0.7953125 0.95234375 0.0703125 0.0921875
0 0.85234375 0.47421875 0.0734375 0.1
0 0.8 0.82109375 0.071875 0.0953125
0 0.81953125 0.65859375 0.0765625 0.0953125
0 0.86484375 0.26953125 0.0828125 0.1078125
0 0.66796875 0.93359375 0.071875 0.0921875
0 0.69921875 0.64453125 0.071875 0.1
0 0.71328125 0.4625 0.0703125 0.0890625
0 0.67109375 0.79375 0.0734375 0.09375
0 0.72734375 0.25625 0.0765625 0.0984375
0 0.540625 0.921875 0.0765625 0.0953125
0 0.54765625 0.7703125 0.0703125 0.0890625
0 0.58125 0.44609375 0.0765625 0.1015625
0 0.56015625 0.61875 0.0703125 0.0890625
0 0.596875 0.25859375 0.071875 0.09375
2 0.42265625 0.921875 0.08125 0.090625
2 0.428125 0.7890625 0.0765625 0.0953125
2 0.43984375 0.621875 0.084375 0.1109375
2 0.47890625 0.2890625 0.0765625 0.1015625
2 0.45 0.45234375 0.0765625 0.1015625
2 0.32734375 0.76875 0.0765625 0.1015625
2 0.3109375 0.8859375 0.075 0.090625
2 0.33671875 0.61796875 0.0859375 0.0984375
2 0.321875 0.43125 0.0890625 0.103125
2 0.34375 0.25546875 0.0765625 0.1078125
2 0.20859375 0.8984375 0.08125 0.0953125
2 0.21015625 0.7375 0.0796875 0.1015625
2 0.22421875 0.5890625 0.0828125 0.1015625
2 0.24609375 0.253125 0.084375 0.1109375
2 0.221875 0.4078125 0.0828125 0.1078125
2 0.096875 0.7421875 0.08125 0.090625
2 0.0734375 0.8875 0.075 0.090625
2 0.1140625 0.396875 0.0828125 0.1015625
2 0.14296875 0.1140625 0.0921875 0.109375
2 0.1265625 0.23515625 0.0828125 0.0984375
2 0.0703125 0.5796875 0.078125 0.1109375