0 0.05703125 0.22890625 0.0890625 0.065625
0 0.53046875 0.196875 0.096875 0.06875
0 0.18671875 0.23046875 0.0921875 0.065625
0 0.346875 0.21953125 0.0921875 0.071875
0 0.73125 0.19453125 0.1015625 0.0765625
0 0.06953125 0.3546875 0.0890625 0.06875
0 0.35546875 0.33828125 0.096875 0.065625
0 0.534375 0.33359375 0.0859375 0.065625
0 0.20625 0.35859375 0.0921875 0.06875
0 0.73671875 0.33046875 0.096875 0.071875
0 0.0734375 0.48046875 0.0921875 0.071875
0 0.2234375 0.48125 0.0859375 0.065625
0 0.54375 0.4640625 0.096875 0.071875
0 0.37265625 0.47578125 0.0859375 0.065625
0 0.72890625 0.459375 0.0921875 0.065625
2 0.06796875 0.5953125 0.0859375 0.0765625
2 0.19921875 0.596875 0.0921875 0.071875
2 0.36328125 0.59453125 0.1046875 0.0765625
2 0.69296875 0.5734375 0.096875 0.071875
2 0.53046875 0.59375 0.096875 0.071875
2 0.2140625 0.696875 0.096875 0.071875
2 0.09765625 0.70859375 0.0859375 0.071875
2 0.3625 0.69609375 0.0953125 0.0796875
2 0.5453125 0.7203125 0.096875 0.08125
2 0.71875 0.7078125 0.1015625 0.071875
2 0.08046875 0.80703125 0.0921875 0.0765625
2 0.23828125 0.81328125 0.096875 0.0734375
2 0.38515625 0.8078125 0.096875 0.0765625
2 0.7171875 0.80390625 0.1015625 0.0765625
2 0.56328125 0.81953125 0.1015625 0.0765625
2 0.22734375 0.925 0.0859375 0.0765625
2 0.084375 0.93984375 0.0859375 0.071875
2 0.56796875 0.92578125 0.096875 0.0765625
2 0.84765625 0.9140625 0.1015625 0.08125
2 0.728125 0.92265625 0.096875 0.0765625
2 0.38671875 0.96015625 0.1046875 0.071875