0 0.11328125 0.79609375 0.0796875 0.059375
0 0.5515625 0.81015625 0.0859375 0.0609375
0 0.23359375 0.78984375 0.0828125 0.059375
0 0.38203125 0.7953125 0.08125 0.0625
0 0.73828125 0.8046875 0.0921875 0.06875
0 0.1203125 0.67890625 0.0796875 0.0609375
0 0.3859375 0.684375 0.0859375 0.059375
0 0.5515625 0.6828125 0.0765625 0.059375
0 0.24765625 0.67109375 0.0828125 0.0609375
0 0.7390625 0.6796875 0.084375 0.0625
0 0.12109375 0.56171875 0.0828125 0.0640625
0 0.25859375 0.55703125 0.0765625 0.059375
0 0.55546875 0.5625 0.0859375 0.0625
0 0.396875 0.55625 0.0765625 0.059375
0 0.7265625 0.5609375 0.0828125 0.059375
2 0.1125 0.45625 0.0765625 0.06875
2 0.2328125 0.45078125 0.0828125 0.0625
2 0.384375 0.4484375 0.0953125 0.06875
2 0.68984375 0.45625 0.0859375 0.0625
2 0.53984375 0.44375 0.0859375 0.0625
2 0.24375 0.3578125 0.0875 0.0625
2 0.13515625 0.3515625 0.0765625 0.0640625
2 0.38046875 0.35390625 0.0859375 0.071875
2 0.54921875 0.32578125 0.0875 0.0734375
2 0.71015625 0.33125 0.0921875 0.0625
2 0.115625 0.2609375 0.0828125 0.06875
2 0.2625 0.24921875 0.0859375 0.065625
2 0.39765625 0.25 0.0875 0.06875
2 0.70390625 0.24296875 0.0953125 0.06875
2 0.5625 0.23359375 0.0921875 0.06875
2 0.2484375 0.14609375 0.0765625 0.06875
2 0.115625 0.1375 0.0765625 0.0640625
2 0.5625 0.13515625 0.0875 0.06875
2 0.821875 0.1375 0.09375 0.075
2 0.71015625 0.1328125 0.084375 0.06875
2 0.39375 0.109375 0.0953125 0.0625