0 0.13359375 0.82265625 0.078125 0.0578125
0 0.56796875 0.80546875 0.0859375 0.059375
0 0.253125 0.8078125 0.0796875 0.0578125
0 0.39609375 0.803125 0.0796875 0.0625
0 0.75 0.78828125 0.090625 0.0671875
0 0.134375 0.70703125 0.078125 0.059375
0 0.3953125 0.696875 0.0859375 0.0578125
0 0.55859375 0.684375 0.0765625 0.0578125
0 0.25859375 0.690625 0.0796875 0.059375
0 0.74140625 0.6671875 0.0859375 0.0625
0 0.1265625 0.5921875 0.0796875 0.0625
0 0.26015625 0.578125 0.0765625 0.0578125
0 0.5546875 0.565625 0.0859375 0.0625
0 0.39609375 0.56796875 0.0765625 0.0578125
0 0.71953125 0.54921875 0.0796875 0.0578125
2 0.1109375 0.490625 0.0765625 0.0671875
2 0.2265625 0.475 0.0796875 0.0625
2 0.37578125 0.46484375 0.0921875 0.0671875
2 0.67890625 0.44921875 0.0859375 0.0625
2 0.53046875 0.45 0.0859375 0.0625
2 0.23125 0.3859375 0.0859375 0.0625
2 0.125 0.38671875 0.0765625 0.0625
2 0.36796875 0.371875 0.0828125 0.0703125
2 0.53125 0.33046875 0.0875 0.071875
2 0.6890625 0.325 0.090625 0.0625
2 0.09921875 0.2984375 0.0796875 0.0671875
2 0.24453125 0.275 0.0859375 0.065625
2 0.37734375 0.26640625 0.0859375 0.0671875
2 0.6765625 0.2390625 0.090625 0.0671875
2 0.53515625 0.23828125 0.090625 0.0671875
2 0.22109375 0.175 0.0765625 0.0671875
2 0.0921875 0.175 0.0765625 0.0625
2 0.5296875 0.14453125 0.0859375 0.0671875
2 0.78671875 0.128125 0.0921875 0.071875
2 0.67578125 0.13203125 0.0859375 0.0671875
2 0.36171875 0.128125 0.0921875 0.0625