0 0.04140625 0.8140625 0.0828125 0.0625
0 0.49375 0.84609375 0.0921875 0.065625
0 0.16484375 0.81328125 0.0875 0.0625
0 0.31796875 0.82421875 0.0890625 0.06875
0 0.6875 0.84765625 0.0984375 0.075
0 0.0515625 0.69453125 0.0859375 0.065625
0 0.3265625 0.709375 0.090625 0.0625
0 0.4984375 0.7140625 0.08125 0.0609375
0 0.18359375 0.690625 0.0890625 0.065625
0 0.690625 0.7171875 0.0921875 0.06875
0 0.05625 0.5734375 0.0890625 0.06875
0 0.2 0.57265625 0.08125 0.0609375
0 0.50703125 0.5890625 0.0921875 0.06875
0 0.34375 0.57734375 0.08125 0.0609375
0 0.68359375 0.59375 0.0875 0.0625
2 0.05078125 0.46328125 0.0828125 0.0734375
2 0.17578125 0.46171875 0.0890625 0.06875
2 0.334375 0.46484375 0.1015625 0.075
2 0.65 0.484375 0.0921875 0.06875
2 0.49453125 0.465625 0.0921875 0.06875
2 0.190625 0.36640625 0.0921875 0.06875
2 0.0796875 0.35546875 0.0828125 0.0671875
2 0.3328125 0.3671875 0.090625 0.0765625
2 0.50859375 0.34375 0.0921875 0.078125
2 0.67421875 0.35546875 0.0984375 0.06875
2 0.0625 0.26015625 0.0890625 0.075
2 0.2140625 0.2546875 0.0921875 0.071875
2 0.3546875 0.26015625 0.0921875 0.075
2 0.6734375 0.2640625 0.0984375 0.075
2 0.52578125 0.2484375 0.0984375 0.075
2 0.20390625 0.14765625 0.0828125 0.0734375
2 0.065625 0.1328125 0.0828125 0.0671875
2 0.53046875 0.14765625 0.0921875 0.075
2 0.79765625 0.15859375 0.0984375 0.078125
2 0.68359375 0.15 0.0921875 0.075
2 0.35625 0.1140625 0.1015625 0.06875