0 0.8625 0.1671875 0.078125 0.05625
0 0.43984375 0.190625 0.0859375 0.0609375
0 0.7484375 0.18359375 0.08125 0.0578125
0 0.6046875 0.190625 0.08125 0.0640625
0 0.2609375 0.2109375 0.090625 0.0671875
0 0.86640625 0.28046875 0.078125 0.059375
0 0.6109375 0.296875 0.0859375 0.0578125
0 0.45078125 0.31328125 0.075 0.05625
0 0.74453125 0.2984375 0.08125 0.0609375
0 0.271875 0.33203125 0.0859375 0.0640625
0 0.87578125 0.39296875 0.08125 0.0640625
0 0.74296875 0.41015625 0.075 0.05625
0 0.45703125 0.4296875 0.0859375 0.0640625
0 0.61015625 0.42109375 0.075 0.05625
0 0.29296875 0.4453125 0.08125 0.0578125
2 0.89296875 0.49453125 0.075 0.065625
2 0.77734375 0.509375 0.08125 0.0640625
2 0.63125 0.52421875 0.09375 0.0671875
2 0.3375 0.5421875 0.0859375 0.0640625
2 0.4828125 0.5421875 0.0859375 0.0640625
2 0.775 0.6 0.0859375 0.0640625
2 0.87890625 0.596875 0.075 0.0625
2 0.64375 0.615625 0.084375 0.0703125
2 0.48359375 0.65625 0.0859375 0.0734375
2 0.32890625 0.66484375 0.090625 0.0640625
2 0.90546875 0.6828125 0.08125 0.06875
2 0.765625 0.70625 0.0859375 0.065625
2 0.63515625 0.71640625 0.0859375 0.0671875
2 0.33984375 0.74921875 0.090625 0.0671875
2 0.47890625 0.746875 0.090625 0.0671875
2 0.78828125 0.803125 0.075 0.065625
2 0.9171875 0.8015625 0.075 0.0625
2 0.48671875 0.840625 0.0859375 0.0671875
2 0.2375 0.8609375 0.090625 0.0734375
2 0.34375 0.85546875 0.0859375 0.06875
2 0.65078125 0.85234375 0.09375 0.0640625