0 0.79765625 0.45546875 0.0671875 0.0828125
0 0.8140625 0.921875 0.0609375 0.065625
0 0.79921875 0.790625 0.0625 0.0890625
0 0.79375 0.63828125 0.0625 0.1015625
0 0.78125 0.2640625 0.071875 0.0859375
0 0.68125 0.640625 0.0671875 0.0828125
0 0.68828125 0.91640625 0.0671875 0.0765625
0 0.66796875 0.465625 0.0671875 0.084375
0 0.67421875 0.7875 0.065625 0.0875
0 0.65234375 0.27265625 0.071875 0.0984375
0 0.56953125 0.93046875 0.065625 0.0828125
0 0.55390625 0.78828125 0.065625 0.084375
0 0.54296875 0.47265625 0.065625 0.084375
0 0.54765625 0.63984375 0.0625 0.0875
0 0.525 0.2890625 0.0671875 0.0890625
2 0.459375 0.9484375 0.0671875 0.0828125
2 0.44375 0.81796875 0.071875 0.09375
2 0.43359375 0.66015625 0.071875 0.09375
2 0.4203125 0.33125 0.075 0.1
2 0.42265625 0.5 0.0671875 0.0875
2 0.35078125 0.82109375 0.0671875 0.0875
2 0.34609375 0.934375 0.0671875 0.084375
2 0.3328125 0.66640625 0.0703125 0.0921875
2 0.2875 0.3171875 0.0671875 0.0921875
2 0.29140625 0.49375 0.071875 0.09375
2 0.24765625 0.95625 0.0671875 0.0875
2 0.23046875 0.8078125 0.071875 0.0859375
2 0.21953125 0.6625 0.078125 0.09375
2 0.19296875 0.334375 0.075 0.1
2 0.18671875 0.48125 0.078125 0.1
2 0.11875 0.8328125 0.078125 0.103125
2 0.11875 0.9609375 0.075 0.078125
2 0.0828125 0.49765625 0.078125 0.103125
2 0.0703125 0.20859375 0.078125 0.103125
2 0.06875 0.33046875 0.084375 0.1
2 0.0640625 0.67109375 0.078125 0.1