0 0.80234375 0.55078125 0.0625 0.075
0 0.7734375 0.13125 0.05625 0.0609375
0 0.7734375 0.2484375 0.0578125 0.0828125
0 0.78125 0.38828125 0.059375 0.0921875
0 0.8046875 0.72265625 0.0671875 0.0796875
0 0.68046875 0.39375 0.0625 0.075
0 0.66328125 0.14609375 0.0625 0.0703125
0 0.684375 0.55390625 0.0625 0.078125
0 0.66015625 0.26484375 0.0609375 0.0796875
0 0.68984375 0.728125 0.06875 0.0921875
0 0.553125 0.14453125 0.0609375 0.075
0 0.55546875 0.27265625 0.0609375 0.078125
0 0.575 0.55859375 0.0609375 0.078125
0 0.5609375 0.40625 0.0578125 0.0796875
0 0.57578125 0.72265625 0.0625 0.0828125
2 0.45546875 0.14140625 0.0625 0.075
2 0.45390625 0.25703125 0.06875 0.0859375
2 0.459375 0.39921875 0.06875 0.0859375
2 0.47578125 0.696875 0.071875 0.0921875
2 0.4625 0.5453125 0.0625 0.0796875
2 0.36796875 0.265625 0.0625 0.0796875
2 0.35625 0.1640625 0.0625 0.078125
2 0.36953125 0.403125 0.065625 0.0859375
2 0.35859375 0.71953125 0.0640625 0.084375
2 0.34765625 0.56171875 0.06875 0.0859375
2 0.265625 0.15234375 0.0640625 0.084375
2 0.2609375 0.2890625 0.0671875 0.0796875
2 0.265625 0.41796875 0.0734375 0.0859375
2 0.2734375 0.715625 0.071875 0.0921875
2 0.25546875 0.58203125 0.0734375 0.0921875
2 0.16171875 0.275 0.0734375 0.09375
2 0.14921875 0.15078125 0.071875 0.0921875
2 0.15859375 0.58046875 0.0734375 0.09375
2 0.1765625 0.83984375 0.0734375 0.09375
2 0.16171875 0.7296875 0.078125 0.09375
2 0.128125 0.425 0.0734375 0.0921875