0 0.5578125 0.82890625 0.078125 0.065625
0 0.109375 0.84453125 0.0640625 0.0578125
0 0.2359375 0.8328125 0.0859375 0.059375
0 0.38125 0.825 0.0953125 0.059375
0 0.740625 0.81171875 0.08125 0.06875
0 0.3796875 0.7171875 0.078125 0.065625
0 0.115625 0.72578125 0.0734375 0.065625
0 0.546875 0.70390625 0.08125 0.065625
0 0.2375 0.7109375 0.084375 0.0625
0 0.7328125 0.68984375 0.09375 0.06875
0 0.1015625 0.61015625 0.078125 0.0625
0 0.2375 0.59765625 0.08125 0.0625
0 0.540625 0.58671875 0.08125 0.0625
0 0.3796875 0.58828125 0.0828125 0.059375
0 0.71640625 0.56875 0.0859375 0.065625
2 0.084375 0.50703125 0.078125 0.065625
2 0.209375 0.4921875 0.0890625 0.06875
2 0.3609375 0.48125 0.0890625 0.06875
2 0.67578125 0.4671875 0.09375 0.071875
2 0.51484375 0.46875 0.0828125 0.065625
2 0.20625 0.4 0.084375 0.065625
2 0.09765625 0.3984375 0.08125 0.065625
2 0.3546875 0.38515625 0.0890625 0.0671875
2 0.6890625 0.3390625 0.0890625 0.065625
2 0.5203125 0.3453125 0.0890625 0.06875
2 0.075 0.3046875 0.0890625 0.065625
2 0.21875 0.28359375 0.08125 0.06875
2 0.35859375 0.27421875 0.090625 0.075
2 0.6734375 0.24921875 0.09375 0.071875
2 0.5328125 0.24453125 0.0953125 0.075
2 0.19453125 0.1796875 0.096875 0.075
2 0.06015625 0.18046875 0.09375 0.071875
2 0.5171875 0.14296875 0.0984375 0.075
2 0.79375 0.13359375 0.0984375 0.075
2 0.67734375 0.1296875 0.0953125 0.0796875
2 0.35078125 0.128125 0.0953125 0.075