0 0.459375 0.79375 0.0828125 0.06875
0 0.903125 0.74765625 0.0671875 0.0625
0 0.7765625 0.753125 0.0890625 0.0640625
0 0.63125 0.765625 0.0984375 0.065625
0 0.2765625 0.803125 0.084375 0.0734375
0 0.61953125 0.659375 0.0828125 0.06875
0 0.88046875 0.63203125 0.078125 0.06875
0 0.45234375 0.66953125 0.084375 0.06875
0 0.7578125 0.6328125 0.0875 0.0671875
0 0.26796875 0.68046875 0.0984375 0.075
0 0.87890625 0.51484375 0.0828125 0.0671875
0 0.7421875 0.521875 0.084375 0.0671875
0 0.44296875 0.553125 0.084375 0.0671875
0 0.60078125 0.53359375 0.0859375 0.0640625
0 0.26640625 0.5609375 0.090625 0.06875
2 0.88046875 0.4109375 0.0828125 0.06875
2 0.7546875 0.4140625 0.09375 0.075
2 0.60546875 0.42421875 0.09375 0.075
2 0.2921875 0.453125 0.0984375 0.078125
2 0.45234375 0.43359375 0.0875 0.06875
2 0.7453125 0.32265625 0.0875 0.06875
2 0.853125 0.30625 0.084375 0.06875
2 0.59765625 0.3296875 0.09375 0.0734375
2 0.26171875 0.33046875 0.09375 0.0703125
2 0.42890625 0.3125 0.09375 0.075
2 0.8625 0.21015625 0.09375 0.0703125
2 0.7171875 0.21015625 0.084375 0.0734375
2 0.578125 0.2203125 0.0953125 0.08125
2 0.26484375 0.2390625 0.0984375 0.078125
2 0.403125 0.21484375 0.0984375 0.08125
2 0.7265625 0.1046875 0.1 0.08125
2 0.859375 0.08671875 0.0984375 0.078125
2 0.40390625 0.1125 0.1 0.08125
2 0.1296875 0.14140625 0.1 0.08125
2 0.2453125 0.12109375 0.1 0.0859375
2 0.565625 0.075 0.0984375 0.08125