0 0.409375 0.209375 0.08125 0.0671875
0 0.8421875 0.1640625 0.0640625 0.0609375
0 0.72109375 0.18671875 0.0859375 0.0625
0 0.58046875 0.2015625 0.096875 0.0640625
0 0.23359375 0.23828125 0.084375 0.0734375
0 0.58984375 0.30546875 0.08125 0.0671875
0 0.84453125 0.28125 0.075 0.065625
0 0.42890625 0.3296875 0.084375 0.0671875
0 0.7265625 0.30234375 0.084375 0.0640625
0 0.25 0.35546875 0.096875 0.075
0 0.86640625 0.38984375 0.08125 0.0640625
0 0.734375 0.4140625 0.0828125 0.0640625
0 0.44296875 0.44453125 0.0828125 0.0640625
0 0.59765625 0.4296875 0.084375 0.0625
0 0.2734375 0.4734375 0.0875 0.0671875
2 0.88984375 0.49140625 0.08125 0.0671875
2 0.76953125 0.5140625 0.090625 0.0734375
2 0.6234375 0.534375 0.090625 0.0734375
2 0.31953125 0.56796875 0.096875 0.0765625
2 0.47578125 0.55546875 0.0859375 0.0671875
2 0.778125 0.60078125 0.0859375 0.0671875
2 0.884375 0.596875 0.084375 0.0671875
2 0.6359375 0.62734375 0.090625 0.0703125
2 0.31484375 0.6921875 0.090625 0.0671875
2 0.47890625 0.67734375 0.090625 0.0734375
2 0.9125 0.68671875 0.090625 0.0671875
2 0.77421875 0.7140625 0.084375 0.0734375
2 0.6390625 0.7328125 0.090625 0.0765625
2 0.33671875 0.77890625 0.096875 0.0765625
2 0.47421875 0.775 0.096875 0.078125
2 0.80390625 0.81640625 0.0984375 0.078125
2 0.93515625 0.80546875 0.096875 0.0765625
2 0.4953125 0.8703125 0.0984375 0.078125
2 0.228125 0.90078125 0.0984375 0.078125
2 0.34140625 0.89453125 0.0984375 0.084375
2 0.65703125 0.8765625 0.096875 0.078125