0 0.775 0.45234375 0.06875 0.0828125
0 0.75859375 0.93046875 0.0609375 0.0671875
0 0.7546875 0.79765625 0.0625 0.0921875
0 0.7578125 0.6390625 0.0625 0.1015625
0 0.77109375 0.25703125 0.075 0.0875
0 0.64296875 0.6359375 0.06875 0.0828125
0 0.6328125 0.9171875 0.06875 0.078125
0 0.640625 0.45390625 0.06875 0.0859375
0 0.625 0.78359375 0.065625 0.0890625
0 0.63984375 0.25625 0.075 0.1015625
0 0.50859375 0.92421875 0.065625 0.0828125
0 0.50546875 0.77734375 0.065625 0.0859375
0 0.51640625 0.453125 0.065625 0.0859375
0 0.50625 0.62578125 0.0625 0.0890625
0 0.51015625 0.26640625 0.06875 0.0921875
2 0.39765625 0.93125 0.06875 0.0828125
2 0.39140625 0.79921875 0.0734375 0.096875
2 0.39140625 0.63828125 0.075 0.096875
2 0.39921875 0.29921875 0.0765625 0.1015625
2 0.3890625 0.471875 0.06875 0.0890625
2 0.29296875 0.79375 0.06875 0.0890625
2 0.28359375 0.909375 0.06875 0.0859375
2 0.2890625 0.6375 0.071875 0.0953125
2 0.26484375 0.278125 0.06875 0.0953125
2 0.25859375 0.45859375 0.075 0.096875
2 0.18203125 0.9265625 0.06875 0.0953125
2 0.17109375 0.771875 0.075 0.0875
2 0.1703125 0.625 0.0796875 0.096875
2 0.1671875 0.2859375 0.0765625 0.1015625
2 0.1515625 0.43828125 0.0796875 0.1015625
2 0.0578125 0.79140625 0.0796875 0.103125
2 0.0484375 0.9328125 0.0765625 0.1015625
2 0.0421875 0.44453125 0.0796875 0.103125
2 0.05234375 0.15 0.0796875 0.103125
2 0.04453125 0.27421875 0.0765625 0.103125
2 0.02734375 0.621875 0.0546875 0.1