0 0.82109375 0.4484375 0.071875 0.0859375
0 0.77265625 0.9109375 0.065625 0.0703125
0 0.77578125 0.77890625 0.06875 0.09375
0 0.79140625 0.628125 0.06875 0.1046875
0 0.83046875 0.2578125 0.0765625 0.0890625
0 0.68046875 0.615625 0.071875 0.0859375
0 0.64921875 0.8875 0.071875 0.08125
0 0.690625 0.44140625 0.071875 0.0890625
0 0.653125 0.759375 0.06875 0.090625
0 0.703125 0.2484375 0.078125 0.103125
0 0.53046875 0.8859375 0.06875 0.0859375
0 0.53515625 0.74296875 0.06875 0.0890625
0 0.56796875 0.43125 0.06875 0.0890625
0 0.5484375 0.59609375 0.0671875 0.090625
0 0.57421875 0.246875 0.0734375 0.09375
2 0.41953125 0.8875 0.071875 0.0859375
2 0.421875 0.75625 0.078125 0.096875
2 0.43359375 0.6 0.078125 0.096875
2 0.46640625 0.27421875 0.08125 0.103125
2 0.4453125 0.440625 0.071875 0.090625
2 0.3296875 0.746875 0.071875 0.090625
2 0.31015625 0.85859375 0.071875 0.0890625
2 0.33359375 0.5921875 0.075 0.096875
2 0.33671875 0.2421875 0.0734375 0.096875
2 0.31640625 0.41640625 0.078125 0.096875
2 0.21015625 0.86796875 0.0734375 0.096875
2 0.2125 0.7171875 0.0765625 0.0890625
2 0.221875 0.571875 0.084375 0.0984375
2 0.24140625 0.24609375 0.08125 0.103125
2 0.21484375 0.38984375 0.084375 0.1046875
2 0.09921875 0.7265625 0.084375 0.10625
2 0.08046875 0.86484375 0.08125 0.103125
2 0.11015625 0.390625 0.084375 0.10625
2 0.1375 0.10546875 0.084375 0.10625
2 0.11953125 0.22421875 0.0890625 0.1046875
2 0.06875 0.559375 0.084375 0.103125