0 0.80390625 0.36953125 0.071875 0.0859375
0 0.8375 0.84453125 0.0640625 0.0703125
0 0.8203125 0.71328125 0.065625 0.0953125
0 0.80625 0.55625 0.065625 0.103125
0 0.7796875 0.1765625 0.0765625 0.0890625
0 0.6921875 0.565625 0.071875 0.0859375
0 0.71171875 0.84453125 0.0703125 0.0796875
0 0.671875 0.3859375 0.071875 0.0890625
0 0.690625 0.71328125 0.06875 0.0921875
0 0.65 0.18984375 0.0765625 0.1015625
0 0.58984375 0.8640625 0.06875 0.0859375
0 0.57109375 0.71953125 0.06875 0.0890625
0 0.5484375 0.396875 0.06875 0.0890625
0 0.55625 0.56953125 0.065625 0.0921875
0 0.52421875 0.2140625 0.071875 0.0953125
2 0.48046875 0.8828125 0.071875 0.0859375
2 0.46015625 0.753125 0.0765625 0.096875
2 0.44375 0.59375 0.0765625 0.096875
2 0.41640625 0.2578125 0.0796875 0.1015625
2 0.42421875 0.4296875 0.071875 0.0921875
2 0.36328125 0.7578125 0.071875 0.0921875
2 0.365625 0.87265625 0.071875 0.0890625
2 0.34296875 0.603125 0.075 0.096875
2 0.28125 0.2515625 0.071875 0.096875
2 0.29375 0.4296875 0.0765625 0.096875
2 0.26640625 0.9 0.071875 0.096875
2 0.2390625 0.7484375 0.0765625 0.0890625
2 0.2234375 0.60390625 0.08125 0.096875
2 0.18515625 0.26875 0.0796875 0.1015625
2 0.18671875 0.42109375 0.0828125 0.1015625
2 0.13046875 0.78046875 0.0828125 0.1046875
2 0.13515625 0.9203125 0.0796875 0.1015625
2 0.07890625 0.4375 0.0828125 0.1046875
2 0.05859375 0.1453125 0.0828125 0.1046875
2 0.05859375 0.27109375 0.0875 0.1046875
2 0.06953125 0.6171875 0.0828125 0.1015625