0 0.79921875 0.40390625 0.0671875 0.08125
0 0.84453125 0.8328125 0.059375 0.0640625
0 0.825 0.7125 0.0609375 0.0859375
0 0.80703125 0.57265625 0.0625 0.0953125
0 0.77109375 0.23046875 0.071875 0.0828125
0 0.70390625 0.58203125 0.0671875 0.08125
0 0.73046875 0.834375 0.065625 0.075
0 0.68046875 0.42265625 0.0671875 0.0828125
0 0.7078125 0.71875 0.0640625 0.0828125
0 0.65390625 0.24609375 0.0734375 0.09375
0 0.62109375 0.85625 0.0640625 0.08125
0 0.59921875 0.72578125 0.0640625 0.08125
0 0.56875 0.43671875 0.0640625 0.08125
0 0.58125 0.590625 0.0609375 0.0828125
0 0.53984375 0.26953125 0.0671875 0.0875
2 0.52265625 0.8796875 0.0671875 0.08125
2 0.5 0.76015625 0.071875 0.090625
2 0.4796875 0.615625 0.071875 0.090625
2 0.44453125 0.31484375 0.075 0.09375
2 0.4578125 0.46953125 0.0671875 0.084375
2 0.41171875 0.76953125 0.0671875 0.084375
2 0.41796875 0.87421875 0.0671875 0.0828125
2 0.38828125 0.628125 0.0703125 0.090625
2 0.32109375 0.3109375 0.0671875 0.090625
2 0.33828125 0.471875 0.071875 0.090625
2 0.3296875 0.90234375 0.0671875 0.090625
2 0.3 0.765625 0.071875 0.0828125
2 0.28125 0.63203125 0.0765625 0.090625
2 0.2359375 0.33203125 0.075 0.09375
2 0.24140625 0.4671875 0.078125 0.09375
2 0.2015625 0.7953125 0.078125 0.096875
2 0.21171875 0.92421875 0.075 0.09375
2 0.14453125 0.4890625 0.078125 0.096875
2 0.11640625 0.22421875 0.078125 0.096875
2 0.12109375 0.33671875 0.084375 0.0953125
2 0.14140625 0.64921875 0.078125 0.09375