0 0.86484375 0.54921875 0.0671875 0.0828125
0 0.87265625 0.07890625 0.0609375 0.0671875
0 0.86328125 0.21171875 0.0609375 0.090625
0 0.85703125 0.36484375 0.0609375 0.1015625
0 0.85078125 0.74140625 0.0703125 0.0859375
0 0.74453125 0.3640625 0.0671875 0.0828125
0 0.74921875 0.0875 0.0671875 0.0765625
0 0.7328125 0.53984375 0.0671875 0.0859375
0 0.734375 0.21640625 0.0640625 0.0875
0 0.721875 0.73515625 0.0703125 0.0984375
0 0.62734375 0.075 0.0640625 0.0828125
0 0.61640625 0.21875 0.0640625 0.0859375
0 0.6109375 0.53515625 0.0640625 0.0859375
0 0.61015625 0.3671875 0.0609375 0.0875
0 0.5953125 0.7203125 0.0671875 0.090625
2 0.51875 0.059375 0.0671875 0.0828125
2 0.50546875 0.190625 0.0703125 0.0921875
2 0.496875 0.34921875 0.0703125 0.0921875
2 0.4875 0.68046875 0.0734375 0.0984375
2 0.48671875 0.5109375 0.0671875 0.0875
2 0.40859375 0.1890625 0.0671875 0.0875
2 0.4046875 0.075 0.0671875 0.0859375
2 0.39609375 0.3453125 0.06875 0.0921875
2 0.3546875 0.696875 0.0671875 0.0921875
2 0.3578125 0.51953125 0.0703125 0.0921875
2 0.30625 0.053125 0.0671875 0.0921875
2 0.2875 0.2046875 0.0703125 0.0859375
2 0.27890625 0.35078125 0.0765625 0.0921875
2 0.25859375 0.68125 0.0734375 0.0984375
2 0.2515625 0.5328125 0.0765625 0.0984375
2 0.17734375 0.18125 0.0765625 0.1015625
2 0.17578125 0.04453125 0.0734375 0.0890625
2 0.14453125 0.51953125 0.0765625 0.1015625
2 0.13984375 0.809375 0.0765625 0.1015625
2 0.13359375 0.6875 0.0828125 0.0984375
2 0.12578125 0.34609375 0.0765625 0.0984375