0 0.578125 0.80078125 0.0734375 0.0625
0 0.15390625 0.815625 0.0609375 0.0546875
0 0.2734375 0.80390625 0.0828125 0.05625
0 0.41171875 0.796875 0.0921875 0.05625
0 0.7515625 0.78515625 0.0765625 0.065625
0 0.41015625 0.69453125 0.0734375 0.0625
0 0.16015625 0.703125 0.0703125 0.0625
0 0.56796875 0.68203125 0.0765625 0.0625
0 0.27578125 0.68828125 0.0796875 0.059375
0 0.74375 0.66875 0.0890625 0.065625
0 0.14609375 0.59375 0.0734375 0.059375
0 0.27578125 0.58203125 0.0765625 0.059375
0 0.56171875 0.571875 0.0765625 0.059375
0 0.41015625 0.5734375 0.0796875 0.05625
0 0.72890625 0.55546875 0.0828125 0.0625
2 0.13125 0.4953125 0.0734375 0.0625
2 0.24921875 0.48203125 0.084375 0.065625
2 0.3921875 0.47265625 0.084375 0.065625
2 0.68984375 0.4578125 0.0890625 0.06875
2 0.5375 0.459375 0.0796875 0.0625
2 0.24609375 0.39453125 0.0796875 0.0625
2 0.14296875 0.39375 0.0765625 0.0625
2 0.38671875 0.38125 0.084375 0.0640625
2 0.703125 0.3375 0.084375 0.0625
2 0.54296875 0.34296875 0.084375 0.065625
2 0.121875 0.3046875 0.084375 0.0625
2 0.2578125 0.28515625 0.0765625 0.065625
2 0.390625 0.27578125 0.0859375 0.071875
2 0.68828125 0.2515625 0.0890625 0.06875
2 0.5546875 0.24765625 0.090625 0.071875
2 0.23515625 0.18671875 0.09375 0.071875
2 0.1078125 0.18671875 0.0890625 0.06875
2 0.53984375 0.1515625 0.09375 0.071875
2 0.8015625 0.1421875 0.09375 0.071875
2 0.69140625 0.13828125 0.090625 0.075
2 0.3828125 0.1375 0.090625 0.071875