0 0.78671875 0.3953125 0.06875 0.08125
0 0.83984375 0.82265625 0.059375 0.065625
0 0.815625 0.703125 0.0625 0.0875
0 0.7984375 0.5640625 0.0640625 0.096875
0 0.75625 0.22109375 0.0734375 0.084375
0 0.6953125 0.575 0.06875 0.08125
0 0.7234375 0.82734375 0.0671875 0.075
0 0.66875 0.41640625 0.06875 0.0828125
0 0.70078125 0.71171875 0.065625 0.084375
0 0.63984375 0.23984375 0.075 0.0953125
0 0.61640625 0.85 0.065625 0.08125
0 0.58984375 0.72109375 0.065625 0.0828125
0 0.5546875 0.4328125 0.065625 0.0828125
0 0.57265625 0.58515625 0.0625 0.084375
0 0.5234375 0.26484375 0.06875 0.0875
2 0.51640625 0.875 0.06875 0.08125
2 0.4921875 0.75703125 0.0734375 0.0921875
2 0.46875 0.61328125 0.0734375 0.0921875
2 0.43125 0.3125 0.0765625 0.0953125
2 0.44609375 0.4671875 0.06875 0.084375
2 0.40625 0.7671875 0.06875 0.084375
2 0.41171875 0.871875 0.06875 0.0828125
2 0.378125 0.6265625 0.071875 0.090625
2 0.30859375 0.31015625 0.06875 0.090625
2 0.325 0.471875 0.0734375 0.0921875
2 0.3234375 0.90078125 0.06875 0.0890625
2 0.29375 0.76484375 0.0734375 0.084375
2 0.27265625 0.63203125 0.078125 0.0921875
2 0.22265625 0.33359375 0.0765625 0.0953125
2 0.22890625 0.46875 0.078125 0.0953125
2 0.19375 0.796875 0.0796875 0.1
2 0.20625 0.92578125 0.0765625 0.0953125
2 0.134375 0.49140625 0.0796875 0.0984375
2 0.09921875 0.228125 0.0796875 0.0984375
2 0.1078125 0.33984375 0.084375 0.0953125
2 0.13125 0.65234375 0.0796875 0.096875