0 0.58515625 0.2015625 0.0890625 0.075
0 0.1078125 0.26015625 0.071875 0.06875
0 0.24375 0.2546875 0.096875 0.0703125
0 0.4 0.23515625 0.1078125 0.071875
0 0.78125 0.18828125 0.0921875 0.08125
0 0.415625 0.35 0.090625 0.075
0 0.134375 0.3875 0.084375 0.075
0 0.59453125 0.33671875 0.0921875 0.075
0 0.26640625 0.38046875 0.09375 0.0734375
0 0.79375 0.31953125 0.1078125 0.0828125
0 0.13828125 0.51015625 0.090625 0.0734375
0 0.28515625 0.50234375 0.090625 0.071875
0 0.60703125 0.46328125 0.090625 0.071875
0 0.4375 0.4859375 0.09375 0.0703125
0 0.796875 0.45234375 0.0984375 0.0765625
2 0.1390625 0.62421875 0.090625 0.075
2 0.2734375 0.61875 0.1015625 0.0828125
2 0.4359375 0.6046875 0.1015625 0.0828125
2 0.77109375 0.56484375 0.1078125 0.0859375
2 0.6 0.58984375 0.0953125 0.0765625
2 0.28515625 0.71484375 0.096875 0.0765625
2 0.17109375 0.7375 0.0921875 0.075
2 0.4453125 0.7078125 0.1015625 0.0796875
2 0.80703125 0.69765625 0.1015625 0.0765625
2 0.62734375 0.721875 0.1015625 0.0828125
2 0.1625 0.840625 0.1015625 0.0765625
2 0.31796875 0.83515625 0.0921875 0.08125
2 0.46796875 0.821875 0.103125 0.0875
2 0.8046875 0.79609375 0.1078125 0.0859375
2 0.65703125 0.82734375 0.1078125 0.0875
2 0.3109375 0.95234375 0.109375 0.0890625
2 0.16796875 0.96484375 0.1078125 0.0703125
2 0.65703125 0.93515625 0.109375 0.0890625
2 0.9484375 0.90078125 0.103125 0.0890625
2 0.82890625 0.921875 0.1078125 0.0921875
2 0.48359375 0.96796875 0.1078125 0.0640625