0 0.7859375 0.61015625 0.0671875 0.0796875
0 0.84453125 0.19453125 0.0609375 0.0640625
0 0.8203125 0.3109375 0.0640625 0.0859375
0 0.7984375 0.44609375 0.065625 0.0953125
0 0.7515625 0.77890625 0.071875 0.0828125
0 0.6984375 0.43359375 0.0671875 0.0796875
0 0.7328125 0.18828125 0.0671875 0.075
0 0.66953125 0.58828125 0.0671875 0.0828125
0 0.70625 0.30078125 0.065625 0.084375
0 0.63828125 0.76015625 0.0734375 0.0953125
0 0.6265625 0.16328125 0.065625 0.0796875
0 0.6015625 0.2890625 0.065625 0.0828125
0 0.56171875 0.5703125 0.065625 0.0828125
0 0.57890625 0.42109375 0.0625 0.0828125
0 0.528125 0.73359375 0.06875 0.0875
2 0.53125 0.1375 0.0671875 0.0796875
2 0.50546875 0.253125 0.0734375 0.0890625
2 0.48125 0.39296875 0.0734375 0.0890625
2 0.4359375 0.68515625 0.0765625 0.0953125
2 0.45390625 0.534375 0.0671875 0.084375
2 0.41953125 0.240625 0.0671875 0.084375
2 0.42890625 0.1390625 0.0671875 0.0828125
2 0.3921875 0.378125 0.0703125 0.0890625
2 0.31640625 0.6859375 0.06875 0.0890625
2 0.33828125 0.52890625 0.0734375 0.0890625
2 0.34375 0.10859375 0.06875 0.0890625
2 0.3109375 0.24140625 0.071875 0.0828125
2 0.2875 0.37109375 0.078125 0.0890625
2 0.23359375 0.66171875 0.0765625 0.0953125
2 0.24375 0.5296875 0.078125 0.0953125
2 0.215625 0.209375 0.0796875 0.096875
2 0.2296875 0.08359375 0.0765625 0.0953125
2 0.15 0.50546875 0.0796875 0.096875
2 0.11328125 0.7625 0.0796875 0.096875
2 0.121875 0.65390625 0.0828125 0.096875
2 0.15234375 0.34921875 0.078125 0.0953125