0 0.559375 0.19921875 0.0734375 0.0609375
0 0.1390625 0.2140625 0.059375 0.0546875
0 0.2578125 0.2203125 0.08125 0.05625
0 0.39453125 0.21484375 0.090625 0.05625
0 0.73125 0.203125 0.0765625 0.065625
0 0.4 0.315625 0.0734375 0.0609375
0 0.15234375 0.3265625 0.06875 0.059375
0 0.5578125 0.3171875 0.0765625 0.0609375
0 0.26796875 0.33125 0.078125 0.059375
0 0.73203125 0.31796875 0.0890625 0.065625
0 0.146875 0.434375 0.0734375 0.059375
0 0.275 0.4390625 0.0765625 0.059375
0 0.55859375 0.42890625 0.0765625 0.059375
0 0.40859375 0.4359375 0.078125 0.05625
0 0.725 0.434375 0.08125 0.0609375
2 0.1375 0.534375 0.0734375 0.0609375
2 0.25625 0.53984375 0.0828125 0.065625
2 0.3984375 0.53984375 0.0828125 0.065625
2 0.69375 0.53046875 0.0890625 0.06875
2 0.5421875 0.5390625 0.078125 0.0609375
2 0.25859375 0.62421875 0.078125 0.0609375
2 0.15703125 0.634375 0.0765625 0.0609375
2 0.39921875 0.63046875 0.0828125 0.0625
2 0.71484375 0.64921875 0.0828125 0.0609375
2 0.55625 0.65703125 0.0828125 0.065625
2 0.1421875 0.72421875 0.0828125 0.0609375
2 0.278125 0.73125 0.0765625 0.065625
2 0.409375 0.73125 0.0828125 0.0703125
2 0.70546875 0.734375 0.0890625 0.06875
2 0.5734375 0.75 0.0890625 0.0703125
2 0.26328125 0.8328125 0.090625 0.0703125
2 0.13671875 0.840625 0.0890625 0.06875
2 0.565625 0.84375 0.090625 0.0703125
2 0.82578125 0.8375 0.090625 0.0703125
2 0.7171875 0.84609375 0.090625 0.075
2 0.4125 0.87109375 0.0890625 0.0703125