2 0.15703125 0.72734375 0.0953125 0.1140625
2 0.084375 0.1890625 0.0890625 0.1171875
2 0.11796875 0.39921875 0.0859375 0.1125
0 0.18984375 0.9015625 0.0796875 0.0953125
2 0.15390625 0.5484375 0.096875 0.1234375
2 0.27578125 0.6984375 0.0953125 0.115625
2 0.26328125 0.54453125 0.0984375 0.1234375
2 0.21640625 0.1859375 0.0890625 0.11875
0 0.32265625 0.875 0.09375 0.1078125
2 0.25703125 0.35625 0.0890625 0.11875
2 0.39375 0.5171875 0.0890625 0.1125
2 0.41875 0.6734375 0.0953125 0.115625
0 0.4578125 0.8578125 0.09375 0.1109375
2 0.3859375 0.3296875 0.1015625 0.1328125
2 0.353125 0.09453125 0.096875 0.128125
2 0.571875 0.65234375 0.0984375 0.11875
2 0.5546875 0.44375 0.1 0.11875
0 0.61484375 0.85078125 0.0875 0.10625
2 0.54140625 0.28359375 0.1046875 0.1265625
2 0.521875 0.11796875 0.1 0.1203125
2 0.72734375 0.64453125 0.1046875 0.1140625
2 0.684375 0.28359375 0.1 0.1234375
2 0.66328125 0.09140625 0.109375 0.1359375
2 0.7125 0.43046875 0.1 0.1203125
0 0.7859375 0.81640625 0.103125 0.1109375
2 0.77109375 0.09453125 0.1125 0.134375