2 0.1671875 0.32890625 0.0890625 0.10625
2 0.24921875 0.8296875 0.084375 0.109375
2 0.221875 0.63359375 0.0828125 0.1046875
0 0.14921875 0.1640625 0.078125 0.090625
2 0.21328125 0.4890625 0.090625 0.1171875
2 0.28125 0.321875 0.0890625 0.1078125
2 0.3125 0.46328125 0.09375 0.1171875
2 0.36875 0.796875 0.0859375 0.1125
0 0.275 0.1515625 0.0875 0.1015625
2 0.3578125 0.63359375 0.0859375 0.1125
2 0.4359375 0.4515625 0.084375 0.1046875
2 0.415625 0.30625 0.0890625 0.1078125
0 0.40078125 0.13046875 0.0890625 0.1046875
2 0.48125 0.621875 0.0984375 0.1234375
2 0.515625 0.840625 0.0921875 0.121875
2 0.5578125 0.28203125 0.0921875 0.1109375
2 0.6 0.47421875 0.0953125 0.1109375
0 0.5421875 0.09375 0.084375 0.1
2 0.63203125 0.61953125 0.0984375 0.11875
2 0.66015625 0.7734375 0.096875 0.1140625
2 0.6984375 0.246875 0.0984375 0.1078125
2 0.759375 0.58046875 0.096875 0.1171875
2 0.79375 0.75859375 0.1046875 0.128125
2 0.7453125 0.4421875 0.096875 0.1140625
0 0.7046875 0.0765625 0.0984375 0.10625
2 0.88984375 0.72734375 0.1078125 0.125