2 0.14765625 0.65390625 0.090625 0.10625
2 0.23828125 0.15703125 0.0859375 0.1109375
2 0.20703125 0.3515625 0.0828125 0.10625
0 0.1265625 0.8171875 0.078125 0.090625
2 0.19609375 0.49453125 0.0921875 0.115625
2 0.26015625 0.6625 0.090625 0.1078125
2 0.29453125 0.52265625 0.0953125 0.1171875
2 0.35625 0.19140625 0.0875 0.1140625
0 0.25078125 0.83203125 0.0890625 0.1015625
2 0.34296875 0.35390625 0.0875 0.1140625
2 0.4171875 0.5359375 0.0859375 0.10625
2 0.39453125 0.68046875 0.090625 0.1078125
0 0.3765625 0.8546875 0.090625 0.103125
2 0.46484375 0.36875 0.0984375 0.125
2 0.503125 0.15 0.0921875 0.1203125
2 0.5359375 0.70703125 0.09375 0.1125
2 0.58125 0.51640625 0.0953125 0.1125
0 0.5171875 0.89375 0.084375 0.1015625
2 0.615625 0.371875 0.1 0.1203125
2 0.64609375 0.21953125 0.096875 0.115625
2 0.675 0.74453125 0.1 0.1078125
2 0.74140625 0.41328125 0.096875 0.1171875
2 0.77890625 0.23671875 0.10625 0.1296875
2 0.72421875 0.55078125 0.096875 0.115625
0 0.678125 0.9140625 0.1 0.10625
2 0.87265625 0.26953125 0.109375 0.1265625