2 0.20859375 0.2734375 0.084375 0.1046875
2 0.1578125 0.77890625 0.0828125 0.1078125
2 0.1859375 0.58125 0.078125 0.103125
0 0.23671875 0.10703125 0.0734375 0.0875
2 0.21171875 0.4390625 0.0859375 0.1140625
2 0.32109375 0.29453125 0.084375 0.10625
2 0.3140625 0.44296875 0.0890625 0.1140625
2 0.2828125 0.78046875 0.0828125 0.1109375
0 0.359375 0.12734375 0.084375 0.0984375
2 0.31484375 0.61875 0.0828125 0.109375
2 0.440625 0.4609375 0.08125 0.103125
2 0.4578125 0.31640625 0.084375 0.10625
0 0.48984375 0.13984375 0.084375 0.1015625
2 0.4375 0.6375 0.0921875 0.1203125
2 0.4140625 0.86171875 0.0859375 0.11875
2 0.6 0.33046875 0.0875 0.1078125
2 0.59375 0.525 0.090625 0.1078125
0 0.63671875 0.14140625 0.08125 0.096875
2 0.58671875 0.67578125 0.0953125 0.1171875
2 0.571875 0.83125 0.0921875 0.1109375
2 0.74609375 0.33046875 0.0953125 0.1046875
2 0.71796875 0.67265625 0.0921875 0.1140625
2 0.70546875 0.8515625 0.0984375 0.1234375
2 0.73984375 0.53359375 0.0921875 0.1109375
0 0.79609375 0.16796875 0.0953125 0.0984375
2 0.809375 0.8484375 0.1015625 0.1234375