2 0.80859375 0.29765625 0.078125 0.096875
2 0.82421875 0.8 0.071875 0.1015625
2 0.81328125 0.603125 0.0703125 0.0953125
0 0.79609375 0.13359375 0.06875 0.08125
2 0.7953125 0.4625 0.078125 0.1078125
2 0.69765625 0.3125 0.078125 0.1
2 0.69375 0.45546875 0.08125 0.1078125
2 0.7015625 0.78984375 0.071875 0.1046875
0 0.671875 0.1453125 0.078125 0.09375
2 0.68125 0.6296875 0.071875 0.1046875
2 0.57109375 0.46796875 0.071875 0.0953125
2 0.56328125 0.32265625 0.078125 0.1
0 0.54453125 0.14921875 0.078125 0.0953125
2 0.559375 0.640625 0.0828125 0.115625
2 0.5671875 0.8609375 0.078125 0.1125
2 0.4203125 0.32578125 0.08125 0.103125
2 0.41640625 0.5203125 0.0828125 0.103125
0 0.40078125 0.13984375 0.0734375 0.09375
2 0.4125 0.66875 0.084375 0.109375
2 0.4140625 0.82265625 0.0828125 0.10625
2 0.27734375 0.31875 0.0875 0.096875
2 0.28125 0.6546875 0.0828125 0.1078125
2 0.28125 0.83359375 0.0921875 0.1171875
2 0.26953125 0.51640625 0.0828125 0.10625
0 0.2390625 0.15390625 0.0875 0.0953125
2 0.1828125 0.8203125 0.09375 0.115625