2 0.1578125 0.3375 0.09375 0.1125
2 0.2515625 0.8546875 0.090625 0.115625
2 0.221875 0.65 0.0859375 0.1109375
0 0.1375 0.1625 0.0828125 0.0953125
2 0.20703125 0.50078125 0.0953125 0.121875
2 0.275 0.32578125 0.0953125 0.115625
2 0.3109375 0.475 0.0984375 0.121875
2 0.37578125 0.82109375 0.090625 0.11875
0 0.26484375 0.14765625 0.09375 0.10625
2 0.36171875 0.65078125 0.090625 0.1171875
2 0.44140625 0.45703125 0.0890625 0.1109375
2 0.41875 0.3078125 0.0953125 0.115625
0 0.3984375 0.12265625 0.09375 0.109375
2 0.48828125 0.63359375 0.103125 0.13125
2 0.5296875 0.86484375 0.096875 0.128125
2 0.5640625 0.28203125 0.0984375 0.1171875
2 0.6125 0.478125 0.1015625 0.1171875
0 0.54609375 0.0828125 0.0890625 0.1046875
2 0.64921875 0.62890625 0.10625 0.1265625
2 0.67890625 0.7890625 0.1015625 0.11875
2 0.709375 0.23984375 0.1046875 0.1140625
2 0.77890625 0.5890625 0.1015625 0.121875
2 0.8171875 0.77109375 0.109375 0.134375
2 0.76171875 0.44453125 0.1015625 0.11875
0 0.7125 0.06328125 0.1046875 0.1078125
2 0.91953125 0.73828125 0.1125 0.1328125