2 0.28203125 0.828125 0.109375 0.090625
2 0.8125 0.76015625 0.1140625 0.0859375
2 0.60390625 0.7796875 0.1078125 0.0828125
0 0.10703125 0.8390625 0.0921875 0.078125
2 0.45234375 0.7859375 0.1203125 0.0921875
2 0.27890625 0.7078125 0.1125 0.0921875
2 0.428125 0.68046875 0.1203125 0.09375
2 0.78125 0.6328125 0.1171875 0.0875
0 0.09921875 0.709375 0.1046875 0.090625
2 0.609375 0.63828125 0.1171875 0.0875
2 0.42109375 0.546875 0.1078125 0.0859375
2 0.2671875 0.56328125 0.1125 0.0921875
0 0.08125 0.57265625 0.10625 0.090625
2 0.60078125 0.50859375 0.128125 0.0984375
2 0.83359375 0.48046875 0.125 0.09375
2 0.246875 0.415625 0.115625 0.09375
2 0.45 0.37578125 0.115625 0.096875
0 0.05 0.42265625 0.1 0.0859375
2 0.6046875 0.346875 0.1234375 0.1
2 0.7671875 0.3265625 0.11875 0.096875
2 0.215625 0.265625 0.1109375 0.1015625
2 0.56875 0.21484375 0.1203125 0.096875
2 0.75703125 0.184375 0.1328125 0.1078125
2 0.421875 0.225 0.11875 0.096875
0 0.0453125 0.25234375 0.090625 0.1015625
2 0.72734375 0.08046875 0.1296875 0.109375