2 0.26328125 0.22734375 0.1046875 0.0875
2 0.75234375 0.15234375 0.10625 0.0828125
2 0.5625 0.1890625 0.103125 0.0796875
0 0.1046875 0.26171875 0.0875 0.075
2 0.42578125 0.22109375 0.1140625 0.0890625
2 0.29140625 0.334375 0.10625 0.0875
2 0.43203125 0.32109375 0.1140625 0.090625
2 0.75859375 0.2734375 0.109375 0.0828125
0 0.13125 0.3796875 0.0984375 0.0859375
2 0.603125 0.3125 0.109375 0.0828125
2 0.45859375 0.44140625 0.103125 0.0828125
2 0.31796875 0.4671875 0.10625 0.0875
0 0.15 0.50546875 0.1015625 0.0859375
2 0.62890625 0.4296875 0.1203125 0.09375
2 0.84375 0.39609375 0.11875 0.0890625
2 0.3375 0.60390625 0.1078125 0.0890625
2 0.52890625 0.5875 0.1078125 0.0921875
0 0.15859375 0.6484375 0.096875 0.08125
2 0.6734375 0.57265625 0.1171875 0.096875
2 0.82421875 0.55078125 0.1109375 0.0921875
2 0.34765625 0.74453125 0.10625 0.0984375
2 0.67578125 0.70078125 0.1140625 0.09375
2 0.85078125 0.67890625 0.125 0.103125
2 0.54296875 0.72890625 0.1109375 0.0921875
0 0.1921875 0.8015625 0.103125 0.096875
2 0.85078125 0.7796875 0.121875 0.1046875