2 0.71640625 0.22578125 0.10625 0.0875
2 0.20390625 0.165625 0.1109375 0.084375
2 0.40390625 0.19375 0.1046875 0.0796875
0 0.88203125 0.25390625 0.0890625 0.075
2 0.54609375 0.22578125 0.1140625 0.0890625
2 0.690625 0.33828125 0.1078125 0.0875
2 0.54375 0.32890625 0.115625 0.090625
2 0.203125 0.29140625 0.1125 0.084375
0 0.859375 0.3796875 0.1015625 0.0875
2 0.365625 0.3265625 0.1125 0.084375
2 0.52109375 0.45390625 0.1046875 0.0828125
2 0.66953125 0.47421875 0.1078125 0.0875
0 0.84453125 0.509375 0.103125 0.0875
2 0.34296875 0.45 0.125 0.0953125
2 0.11875 0.42265625 0.1203125 0.0890625
2 0.65234375 0.6203125 0.1125 0.090625
2 0.45390625 0.6078125 0.1125 0.09375
0 0.840625 0.6578125 0.1 0.0828125
2 0.3015625 0.59765625 0.11875 0.096875
2 0.14453125 0.58203125 0.1140625 0.09375
2 0.64765625 0.76796875 0.10625 0.0984375
2 0.3046875 0.73359375 0.115625 0.09375
2 0.121875 0.7171875 0.1265625 0.103125
2 0.44375 0.7578125 0.1140625 0.09375
0 0.81171875 0.82109375 0.103125 0.0984375
2 0.12578125 0.81953125 0.1265625 0.10625