2 0.68984375 0.19765625 0.0953125 0.075
2 0.18515625 0.2 0.1 0.0703125
2 0.3828125 0.20625 0.0953125 0.0671875
0 0.8546875 0.2078125 0.0796875 0.065625
2 0.525 0.2171875 0.1046875 0.075
2 0.67890625 0.31015625 0.096875 0.075
2 0.53515625 0.31875 0.1046875 0.078125
2 0.1984375 0.32265625 0.103125 0.0703125
0 0.84765625 0.3296875 0.090625 0.075
2 0.3609375 0.3375 0.103125 0.0703125
2 0.52734375 0.4453125 0.0953125 0.0703125
2 0.6734375 0.44765625 0.096875 0.075
0 0.8484375 0.46015625 0.0921875 0.075
2 0.35390625 0.46015625 0.1125 0.0796875
2 0.1328125 0.46015625 0.109375 0.075
2 0.675 0.5890625 0.1 0.078125
2 0.4796875 0.60234375 0.1 0.0796875
0 0.8625 0.6046875 0.090625 0.0703125
2 0.33125 0.6109375 0.1078125 0.0828125
2 0.1765625 0.6125 0.103125 0.0796875
2 0.6875 0.7328125 0.0953125 0.084375
2 0.35 0.73984375 0.1046875 0.0796875
2 0.1703125 0.74609375 0.115625 0.0875
2 0.4890625 0.74765625 0.103125 0.0796875
0 0.85390625 0.76484375 0.0921875 0.0859375
2 0.1859375 0.84765625 0.1125 0.090625