2 0.69140625 0.8109375 0.096875 0.078125
2 0.19375 0.825 0.1015625 0.071875
2 0.38984375 0.81171875 0.0953125 0.0703125
0 0.85703125 0.79453125 0.0796875 0.0671875
2 0.5296875 0.79609375 0.10625 0.078125
2 0.67890625 0.69921875 0.1 0.078125
2 0.534375 0.69609375 0.10625 0.0796875
2 0.2015625 0.703125 0.103125 0.071875
0 0.8453125 0.67421875 0.0921875 0.078125
2 0.36171875 0.6828125 0.103125 0.071875
2 0.525 0.57109375 0.0953125 0.071875
2 0.6671875 0.5640625 0.1 0.078125
0 0.8421875 0.5453125 0.09375 0.078125
2 0.35234375 0.5625 0.115625 0.08125
2 0.13125 0.5703125 0.1125 0.078125
2 0.66328125 0.42421875 0.103125 0.0796875
2 0.471875 0.41640625 0.103125 0.08125
0 0.85078125 0.40078125 0.0921875 0.0734375
2 0.325 0.41328125 0.109375 0.084375
2 0.17109375 0.41796875 0.1046875 0.0828125
2 0.67265625 0.28125 0.096875 0.0875
2 0.3359375 0.28515625 0.1078125 0.08125
2 0.16015625 0.28515625 0.1171875 0.0921875
2 0.4734375 0.2734375 0.1046875 0.08125
0 0.83515625 0.24296875 0.0921875 0.0875
2 0.17109375 0.184375 0.115625 0.0921875