2 0.165625 0.65546875 0.0890625 0.1046875
2 0.246875 0.16015625 0.0828125 0.109375
2 0.21953125 0.3546875 0.08125 0.103125
0 0.14765625 0.81875 0.0765625 0.0890625
2 0.2109375 0.496875 0.090625 0.115625
2 0.278125 0.6625 0.0890625 0.1078125
2 0.30859375 0.52265625 0.09375 0.115625
2 0.36484375 0.19296875 0.084375 0.1125
0 0.27109375 0.83125 0.0875 0.1015625
2 0.3546875 0.35546875 0.084375 0.1125
2 0.43125 0.534375 0.0828125 0.103125
2 0.41171875 0.67890625 0.0890625 0.1078125
0 0.396875 0.85234375 0.0890625 0.103125
2 0.47578125 0.36640625 0.096875 0.1234375
2 0.51015625 0.14921875 0.090625 0.1203125
2 0.55234375 0.70234375 0.0921875 0.1109375
2 0.59375 0.5125 0.09375 0.1109375
0 0.53671875 0.88828125 0.084375 0.1
2 0.62578125 0.3671875 0.096875 0.1171875
2 0.653125 0.215625 0.0953125 0.1140625
2 0.6921875 0.73671875 0.0984375 0.10625
2 0.7515625 0.40625 0.0953125 0.115625
2 0.78515625 0.23046875 0.1046875 0.1265625
2 0.7375 0.54375 0.0953125 0.1140625
0 0.69765625 0.90546875 0.0984375 0.1046875
2 0.88046875 0.26171875 0.1078125 0.125