2 0.23359375 0.84140625 0.1015625 0.0671875
1 0.071875 0.8390625 0.1078125 0.0640625
2 0.55859375 0.82890625 0.1203125 0.0734375
2 0.76484375 0.83046875 0.1109375 0.0734375
2 0.3984375 0.8203125 0.1171875 0.0703125
2 0.21640625 0.74140625 0.0984375 0.0671875
1 0.04375 0.72578125 0.0875 0.0734375
2 0.37421875 0.728125 0.0953125 0.0671875
2 0.74609375 0.71484375 0.1328125 0.078125
2 0.5546875 0.70625 0.1203125 0.078125
1 0.0203125 0.60703125 0.040625 0.0671875
2 0.18203125 0.60625 0.1109375 0.0765625
2 0.34453125 0.6 0.1140625 0.078125
2 0.52890625 0.575 0.125 0.0890625
2 0.796875 0.5671875 0.1359375 0.0890625
2 0.1390625 0.4515625 0.125 0.0859375
2 0.35546875 0.428125 0.125 0.0890625
2 0.53984375 0.409375 0.1296875 0.1015625
2 0.72578125 0.39140625 0.1375 0.1
2 0.06796875 0.28046875 0.1296875 0.0953125
2 0.30234375 0.24296875 0.1296875 0.1046875
2 0.478125 0.2390625 0.1328125 0.1078125
2 0.7109375 0.2140625 0.1484375 0.1109375
2 0.67578125 0.06953125 0.153125 0.1265625