2 0.234375 0.14609375 0.0953125 0.065625
1 0.08203125 0.140625 0.1015625 0.0625
2 0.540625 0.17421875 0.1140625 0.071875
2 0.73515625 0.1828125 0.10625 0.071875
2 0.38828125 0.17421875 0.1109375 0.06875
2 0.2125 0.23984375 0.09375 0.065625
1 0.04921875 0.24609375 0.0828125 0.0703125
2 0.36171875 0.26015625 0.0921875 0.065625
2 0.71328125 0.290625 0.1265625 0.0765625
2 0.53125 0.28984375 0.115625 0.075
1 0.021875 0.35703125 0.0359375 0.0640625
2 0.1734375 0.365625 0.1078125 0.0734375
2 0.3265625 0.3796875 0.109375 0.075
2 0.50078125 0.4125 0.11875 0.0875
2 0.75234375 0.43359375 0.1296875 0.0875
2 0.12578125 0.51015625 0.11875 0.0859375
2 0.32890625 0.5421875 0.11875 0.0875
2 0.50234375 0.56953125 0.125 0.0984375
2 0.67734375 0.59609375 0.13125 0.096875
2 0.05546875 0.66796875 0.1109375 0.0953125
2 0.26875 0.715625 0.125 0.1015625
2 0.43515625 0.72734375 0.1265625 0.1046875
2 0.6546875 0.7625 0.140625 0.10625
2 0.61328125 0.896875 0.1484375 0.1203125