2 0.15390625 0.89765625 0.10625 0.0734375
1 0.021875 0.89140625 0.04375 0.0671875
2 0.48671875 0.89765625 0.125 0.0796875
2 0.6984375 0.90546875 0.115625 0.0796875
2 0.3234375 0.88203125 0.121875 0.078125
2 0.13984375 0.79453125 0.103125 0.0734375
1 0.00390625 0.775 0.0078125 0.075
2 0.3015625 0.7875 0.1 0.0734375
2 0.68359375 0.78671875 0.1375 0.084375
2 0.48828125 0.77109375 0.1265625 0.084375
2 0.10859375 0.6546875 0.115625 0.0828125
2 0.27578125 0.65390625 0.1203125 0.084375
2 0.46640625 0.63515625 0.13125 0.096875
2 0.740625 0.6359375 0.1421875 0.0984375
2 0.07109375 0.49453125 0.13125 0.09375
2 0.29296875 0.47890625 0.13125 0.096875
2 0.4828125 0.46640625 0.1359375 0.109375
2 0.675 0.45390625 0.1453125 0.1078125
2 0.0390625 0.31953125 0.0640625 0.1
2 0.2453125 0.28671875 0.1359375 0.1125
2 0.42578125 0.28984375 0.1390625 0.1140625
2 0.66640625 0.271875 0.15625 0.1171875
2 0.63515625 0.121875 0.1625 0.134375