2 0.79375 0.146875 0.1015625 0.071875
1 0.94921875 0.15703125 0.1015625 0.0671875
2 0.4796875 0.14296875 0.1203125 0.078125
2 0.27734375 0.13125 0.1140625 0.078125
2 0.6328125 0.16015625 0.1171875 0.075
2 0.80625 0.24609375 0.1 0.071875
1 0.96484375 0.26953125 0.0703125 0.0765625
2 0.65390625 0.25 0.096875 0.071875
2 0.290625 0.2453125 0.1328125 0.084375
2 0.47421875 0.2625 0.1203125 0.0828125
1 0.984375 0.3859375 0.03125 0.06875
2 0.8328125 0.37890625 0.1125 0.0796875
2 0.67421875 0.3765625 0.1140625 0.0828125
2 0.49296875 0.39140625 0.1265625 0.0921875
2 0.23203125 0.3859375 0.1359375 0.09375
2 0.86875 0.53203125 0.1265625 0.090625
2 0.65546875 0.54375 0.1265625 0.0921875
2 0.47578125 0.55234375 0.13125 0.1046875
2 0.29375 0.5609375 0.1390625 0.1046875
2 0.9265625 0.7015625 0.1265625 0.1
2 0.69921875 0.72734375 0.13125 0.1078125
2 0.528125 0.72109375 0.134375 0.1125
2 0.29765625 0.734375 0.146875 0.1140625
2 0.32734375 0.8765625 0.1546875 0.1296875