2 0.8921875 0.215625 0.0671875 0.1015625
1 0.8953125 0.05703125 0.0640625 0.1015625
2 0.86875 0.53984375 0.0734375 0.1203125
2 0.8625 0.74609375 0.0734375 0.1125
2 0.86484375 0.3796875 0.0703125 0.1171875
2 0.79296875 0.19453125 0.0671875 0.0984375
1 0.78203125 0.034375 0.0734375 0.0609375
2 0.77421875 0.35234375 0.0671875 0.0953125
2 0.74765625 0.72421875 0.078125 0.1328125
2 0.7453125 0.53203125 0.078125 0.1203125
1 0.66484375 0.00859375 0.065625 0.0109375
2 0.65859375 0.1546875 0.0765625 0.1109375
2 0.646875 0.31796875 0.078125 0.1140625
2 0.615625 0.50234375 0.0890625 0.125
2 0.59765625 0.76796875 0.0890625 0.1359375
2 0.50546875 0.1078125 0.0859375 0.125
2 0.475 0.32265625 0.0890625 0.125
2 0.45 0.50703125 0.1015625 0.1296875
2 0.425 0.6921875 0.1 0.1375
2 0.3375 0.04765625 0.096875 0.0953125
2 0.29140625 0.2625 0.1046875 0.1296875
2 0.28125 0.43828125 0.1078125 0.1328125
2 0.2484375 0.67109375 0.1109375 0.1484375
2 0.10546875 0.63046875 0.1265625 0.153125