2 0.8203125 0.83515625 0.0734375 0.1046875
1 0.80703125 0.97109375 0.0703125 0.0578125
2 0.83046875 0.51328125 0.08125 0.125
2 0.84609375 0.30625 0.08125 0.11875
2 0.8109375 0.66953125 0.078125 0.121875
2 0.71875 0.84609375 0.0734375 0.1015625
1 0.69375 0.9859375 0.075 0.028125
2 0.71796875 0.68984375 0.0734375 0.0984375
2 0.72890625 0.31796875 0.0875 0.1375
2 0.7078125 0.50546875 0.0859375 0.125
2 0.58203125 0.87109375 0.084375 0.115625
2 0.5875 0.70859375 0.0859375 0.11875
2 0.575 0.521875 0.0984375 0.13125
2 0.5859375 0.2546875 0.0984375 0.1421875
2 0.42421875 0.90546875 0.0953125 0.1296875
2 0.4171875 0.6859375 0.0984375 0.13125
2 0.4109375 0.50234375 0.1109375 0.1359375
2 0.40546875 0.315625 0.1078125 0.14375
2 0.25234375 0.93984375 0.1 0.0875
2 0.22734375 0.72890625 0.1140625 0.1359375
2 0.23671875 0.553125 0.1171875 0.140625
2 0.22734375 0.3171875 0.1203125 0.153125
2 0.08125 0.34375 0.1359375 0.1625