2 0.88671875 0.2359375 0.0796875 0.109375
1 0.903125 0.08203125 0.0703125 0.090625
2 0.8328125 0.5671875 0.0875 0.1296875
2 0.80859375 0.778125 0.0859375 0.121875
2 0.84453125 0.4015625 0.084375 0.125
2 0.7859375 0.20546875 0.078125 0.10625
1 0.7890625 0.04921875 0.0796875 0.05
2 0.75390625 0.365625 0.078125 0.103125
2 0.69296875 0.74453125 0.09375 0.1421875
2 0.7078125 0.5484375 0.0921875 0.1296875
2 0.6515625 0.153125 0.0875 0.121875
2 0.625 0.31875 0.090625 0.1234375
2 0.5765625 0.50546875 0.103125 0.1375
2 0.534375 0.778125 0.1046875 0.146875
2 0.49921875 0.090625 0.1 0.1359375
2 0.4484375 0.30859375 0.103125 0.1375
2 0.40625 0.4953125 0.115625 0.140625
2 0.36328125 0.68359375 0.1140625 0.15
2 0.33203125 0.03359375 0.1046875 0.0671875
2 0.26484375 0.23046875 0.11875 0.1421875
2 0.2390625 0.409375 0.1234375 0.1453125
2 0.18359375 0.646875 0.1265625 0.1609375
2 0.05625 0.59140625 0.1125 0.1671875