2 0.26171875 0.8703125 0.103125 0.0734375
1 0.10625 0.88671875 0.1078125 0.0703125
2 0.56796875 0.82109375 0.1203125 0.0796875
2 0.76796875 0.79765625 0.115625 0.0796875
2 0.4171875 0.83046875 0.1171875 0.078125
2 0.2328125 0.77734375 0.1 0.0734375
1 0.0671875 0.78203125 0.0859375 0.0765625
2 0.38046875 0.746875 0.096875 0.0734375
2 0.73515625 0.6890625 0.134375 0.0875
2 0.55390625 0.703125 0.121875 0.0859375
1 0.03203125 0.67109375 0.0390625 0.0671875
2 0.18359375 0.65078125 0.1125 0.0828125
2 0.3390625 0.62578125 0.1171875 0.0859375
2 0.51328125 0.58125 0.1265625 0.096875
2 0.76796875 0.54140625 0.1359375 0.096875
2 0.121875 0.50859375 0.1265625 0.0953125
2 0.3296875 0.4609375 0.1265625 0.096875
2 0.5015625 0.42109375 0.1328125 0.109375
2 0.67734375 0.38125 0.140625 0.10625
2 0.05 0.35234375 0.1 0.1015625
2 0.25390625 0.2890625 0.1328125 0.1125
2 0.421875 0.265625 0.1359375 0.1140625
2 0.64453125 0.2140625 0.146875 0.1171875
2 0.59140625 0.0796875 0.1578125 0.1328125