2 0.16640625 0.18828125 0.1171875 0.084375
1 0.0265625 0.20703125 0.053125 0.0765625
2 0.51796875 0.16484375 0.1359375 0.09375
2 0.73984375 0.13984375 0.1296875 0.0921875
2 0.34609375 0.19296875 0.1328125 0.0890625
2 0.15859375 0.2984375 0.1140625 0.084375
1 0.0125 0.33203125 0.025 0.0828125
2 0.33046875 0.29375 0.1109375 0.084375
2 0.7328125 0.26640625 0.15 0.1015625
2 0.52890625 0.2984375 0.1375 0.1
2 0.13671875 0.44765625 0.1296875 0.0953125
2 0.3125 0.43671875 0.13125 0.0984375
2 0.51484375 0.4421875 0.1453125 0.109375
2 0.80390625 0.42109375 0.1546875 0.1125
2 0.10859375 0.61953125 0.1453125 0.1078125
2 0.34375 0.61953125 0.1453125 0.109375
2 0.5453125 0.61875 0.1515625 0.125
2 0.7484375 0.6171875 0.159375 0.1234375
2 0.07734375 0.8078125 0.0984375 0.1125
2 0.3078125 0.82578125 0.1515625 0.1265625
2 0.496875 0.809375 0.1546875 0.13125
2 0.75234375 0.8109375 0.171875 0.134375
2 0.7265625 0.93984375 0.171875 0.090625