2 0.2421875 0.08828125 0.1046875 0.0921875
2 0.409375 0.11796875 0.071875 0.08125
2 0.51328125 0.1234375 0.0671875 0.08125
2 0.60625 0.12578125 0.0640625 0.0765625
2 0.1046875 0.2140625 0.109375 0.0921875
2 0.2546875 0.20625 0.1 0.0890625
2 0.4078125 0.228125 0.071875 0.0765625
2 0.50390625 0.23046875 0.059375 0.0640625
2 0.6078125 0.2421875 0.0609375 0.0609375
2 0.10703125 0.3203125 0.10625 0.090625
2 0.275 0.30859375 0.09375 0.084375
2 0.4203125 0.33828125 0.0703125 0.06875
2 0.5265625 0.3359375 0.0640625 0.0640625
2 0.59765625 0.3296875 0.059375 0.0640625
2 0.140625 0.45078125 0.1125 0.09375
2 0.53359375 0.421875 0.0640625 0.0671875
2 0.42265625 0.4328125 0.071875 0.0765625
2 0.615625 0.41875 0.0640625 0.0640625
2 0.29921875 0.45 0.0796875 0.075
1 0.63046875 0.51875 0.0640625 0.0640625
1 0.546875 0.534375 0.0640625 0.0640625
1 0.30703125 0.5578125 0.1 0.084375
1 0.43359375 0.5578125 0.0828125 0.078125
1 0.1109375 0.59453125 0.1171875 0.096875
1 0.634375 0.61484375 0.0671875 0.0640625
1 0.55859375 0.6234375 0.0609375 0.0640625
1 0.4484375 0.64140625 0.0796875 0.078125
1 0.29609375 0.6828125 0.09375 0.084375
1 0.13203125 0.715625 0.109375 0.0921875
1 0.55859375 0.7 0.0703125 0.065625
1 0.4359375 0.73828125 0.0765625 0.078125
1 0.309375 0.79375 0.09375 0.0890625
1 0.16015625 0.825 0.10625 0.0921875
1 0.1703125 0.94140625 0.10625 0.0921875
2 0.084375 0.0765625 0.1109375 0.09375