2 0.6734375 0.14296875 0.096875 0.0859375
2 0.5171875 0.175 0.0671875 0.0765625
2 0.41953125 0.18125 0.0609375 0.075
2 0.33359375 0.18515625 0.0578125 0.06875
2 0.8046875 0.25859375 0.1015625 0.0828125
2 0.66328125 0.2546875 0.0921875 0.0828125
2 0.52109375 0.27734375 0.0671875 0.0703125
2 0.43046875 0.28203125 0.0546875 0.059375
2 0.33359375 0.29375 0.05625 0.05625
2 0.8046875 0.359375 0.0984375 0.0828125
2 0.646875 0.3515625 0.0859375 0.078125
2 0.5109375 0.38125 0.0671875 0.0640625
2 0.41015625 0.38125 0.059375 0.059375
2 0.34453125 0.3765625 0.0546875 0.059375
2 0.775 0.48203125 0.1046875 0.0859375
2 0.4046875 0.4609375 0.0609375 0.0625
2 0.51015625 0.4703125 0.0671875 0.0703125
2 0.328125 0.46015625 0.059375 0.059375
2 0.62578125 0.484375 0.0734375 0.06875
1 0.31640625 0.55390625 0.059375 0.059375
1 0.3953125 0.5671875 0.059375 0.059375
1 0.6203125 0.58515625 0.0921875 0.078125
1 0.5015625 0.5875 0.0765625 0.0703125
1 0.80546875 0.61640625 0.1078125 0.0875
1 0.3140625 0.64375 0.0625 0.0609375
1 0.38515625 0.65078125 0.05625 0.059375
1 0.48984375 0.66640625 0.0734375 0.0703125
1 0.63203125 0.7015625 0.0859375 0.078125
1 0.78671875 0.73046875 0.1015625 0.0828125
1 0.38671875 0.7234375 0.065625 0.0609375
1 0.50234375 0.75703125 0.0703125 0.0703125
1 0.62265625 0.80703125 0.0859375 0.0828125
1 0.76328125 0.83359375 0.0984375 0.0859375
1 0.75546875 0.94296875 0.0984375 0.0859375
2 0.82109375 0.1296875 0.1015625 0.0875