2 0.87421875 0.28828125 0.09375 0.10625
2 0.85078125 0.4515625 0.0828125 0.0734375
2 0.85 0.55390625 0.08125 0.06875
2 0.85 0.64375 0.075 0.0640625
2 0.74765625 0.15859375 0.090625 0.109375
2 0.76015625 0.3046875 0.090625 0.1
2 0.74375 0.4546875 0.0765625 0.071875
2 0.74453125 0.54765625 0.065625 0.059375
2 0.7359375 0.64921875 0.0625 0.0625
2 0.64375 0.16484375 0.090625 0.1078125
2 0.6609375 0.32734375 0.084375 0.0921875
2 0.6375 0.46953125 0.06875 0.0703125
2 0.64296875 0.5734375 0.065625 0.065625
2 0.6515625 0.6421875 0.065625 0.059375
2 0.51875 0.2015625 0.0953125 0.1125
2 0.56015625 0.58359375 0.0671875 0.065625
2 0.5453125 0.47578125 0.0765625 0.071875
2 0.565625 0.66328125 0.065625 0.065625
2 0.52421875 0.35625 0.0734375 0.0796875
1 0.46875 0.68125 0.065625 0.065625
1 0.45078125 0.6 0.065625 0.065625
1 0.41953125 0.36796875 0.0859375 0.0984375
1 0.42421875 0.490625 0.078125 0.0828125
1 0.37734375 0.17734375 0.096875 0.115625
1 0.37578125 0.68828125 0.065625 0.0671875
1 0.3640625 0.6140625 0.065625 0.0625
1 0.34296875 0.5078125 0.0765625 0.0796875
1 0.29765625 0.3609375 0.084375 0.0921875
1 0.259375 0.203125 0.090625 0.109375
1 0.2890625 0.6171875 0.0671875 0.0703125
1 0.24765625 0.4984375 0.0765625 0.0765625
1 0.190625 0.37734375 0.0890625 0.09375
1 0.1546875 0.2328125 0.09375 0.1078125
1 0.04375 0.24609375 0.0875 0.1078125
2 0.88125 0.134375 0.0953125 0.109375