2 0.12421875 0.37890625 0.0796875 0.0921875
2 0.16796875 0.528125 0.071875 0.0609375
2 0.18203125 0.62265625 0.071875 0.05625
2 0.19375 0.70703125 0.0671875 0.0546875
2 0.225 0.2421875 0.0765625 0.096875
2 0.2328125 0.3796875 0.0765625 0.0859375
2 0.2671875 0.51640625 0.0671875 0.0609375
2 0.27890625 0.60390625 0.05625 0.0515625
2 0.29921875 0.69765625 0.0546875 0.0546875
2 0.32265625 0.234375 0.0765625 0.09375
2 0.32734375 0.38828125 0.071875 0.08125
2 0.36875 0.5171875 0.059375 0.0609375
2 0.37734375 0.61484375 0.05625 0.05625
2 0.378125 0.6796875 0.05625 0.0515625
2 0.44375 0.25234375 0.0796875 0.0984375
2 0.45625 0.61328125 0.059375 0.05625
2 0.4546875 0.5109375 0.0671875 0.0609375
2 0.4609375 0.68828125 0.05625 0.05625
2 0.459375 0.396875 0.0640625 0.06875
1 0.553125 0.69140625 0.05625 0.05625
1 0.56015625 0.6140625 0.05625 0.05625
1 0.55859375 0.39453125 0.071875 0.0859375
1 0.5703125 0.50859375 0.0671875 0.071875
1 0.57265625 0.2109375 0.08125 0.1015625
1 0.640625 0.68671875 0.05625 0.059375
1 0.6421875 0.61640625 0.05625 0.0546875
1 0.64765625 0.5140625 0.0671875 0.06875
1 0.6703125 0.371875 0.071875 0.08125
1 0.68515625 0.21953125 0.0765625 0.096875
1 0.71171875 0.60859375 0.05625 0.0609375
1 0.73515625 0.49375 0.0671875 0.0671875
1 0.77265625 0.37265625 0.0765625 0.08125
1 0.78671875 0.234375 0.0796875 0.09375
1 0.89375 0.23203125 0.0796875 0.09375
2 0.09765625 0.23671875 0.08125 0.096875