2 0.0671875 0.42890625 0.09375 0.103125
2 0.1328125 0.57421875 0.08125 0.0734375
2 0.16015625 0.66796875 0.0796875 0.0671875
2 0.18359375 0.75078125 0.0734375 0.0640625
2 0.15078125 0.275 0.090625 0.1078125
2 0.17734375 0.41328125 0.0890625 0.0984375
2 0.23203125 0.54765625 0.075 0.071875
2 0.25625 0.634375 0.0640625 0.059375
2 0.290625 0.7265625 0.0609375 0.0609375
2 0.2484375 0.253125 0.090625 0.1046875
2 0.275 0.40859375 0.084375 0.0921875
2 0.33515625 0.534375 0.06875 0.0703125
2 0.35703125 0.63203125 0.0640625 0.0640625
2 0.3671875 0.69765625 0.0640625 0.059375
2 0.37578125 0.25390625 0.090625 0.1109375
2 0.4375 0.61875 0.0671875 0.065625
2 0.421875 0.51484375 0.075 0.071875
2 0.453125 0.69375 0.0640625 0.0640625
2 0.409375 0.39921875 0.0734375 0.078125
1 0.54765625 0.684375 0.0640625 0.0640625
1 0.54296875 0.6046875 0.0640625 0.0640625
1 0.509375 0.38125 0.084375 0.0984375
1 0.53828125 0.49609375 0.0765625 0.08125
1 0.4984375 0.19453125 0.096875 0.1140625
1 0.63515625 0.665625 0.0640625 0.0640625
1 0.6265625 0.5953125 0.0640625 0.0609375
1 0.61796875 0.48984375 0.075 0.078125
1 0.62109375 0.34296875 0.084375 0.0921875
1 0.6140625 0.1859375 0.090625 0.1078125
1 0.696875 0.578125 0.065625 0.0703125
1 0.70390625 0.4578125 0.075 0.075
1 0.72421875 0.32890625 0.0890625 0.0921875
1 0.71953125 0.1859375 0.09375 0.1046875
1 0.8265625 0.16875 0.090625 0.1046875
2 0.03359375 0.28828125 0.0671875 0.1078125