2 0.678125 0.078125 0.1 0.0875
2 0.51328125 0.1171875 0.06875 0.0765625
2 0.41015625 0.12734375 0.0625 0.0765625
2 0.31796875 0.13515625 0.059375 0.071875
2 0.82109375 0.19609375 0.10625 0.084375
2 0.67109375 0.1953125 0.0953125 0.084375
2 0.5203125 0.2265625 0.06875 0.071875
2 0.425 0.23359375 0.05625 0.0609375
2 0.32265625 0.25078125 0.0578125 0.0578125
2 0.8234375 0.3015625 0.103125 0.084375
2 0.65625 0.29921875 0.090625 0.078125
2 0.51328125 0.3359375 0.0671875 0.0640625
2 0.4078125 0.3390625 0.0609375 0.0609375
2 0.33671875 0.33671875 0.05625 0.0609375
2 0.796875 0.4328125 0.109375 0.0875
2 0.4046875 0.425 0.0609375 0.0640625
2 0.515625 0.43046875 0.06875 0.071875
2 0.32265625 0.42578125 0.0609375 0.0609375
2 0.63984375 0.440625 0.0765625 0.071875
1 0.3140625 0.5265625 0.0609375 0.0609375
1 0.39765625 0.53671875 0.0609375 0.0609375
1 0.63671875 0.5484375 0.0953125 0.078125
1 0.51171875 0.55546875 0.078125 0.0734375
1 0.834375 0.57421875 0.1125 0.090625
1 0.31484375 0.62109375 0.0640625 0.0609375
1 0.390625 0.6265625 0.0578125 0.0609375
1 0.50234375 0.63828125 0.0765625 0.0734375
1 0.65390625 0.67109375 0.090625 0.078125
1 0.81875 0.69609375 0.10625 0.084375
1 0.3953125 0.70234375 0.0671875 0.0609375
1 0.51953125 0.734375 0.0734375 0.0734375
1 0.64765625 0.7828125 0.090625 0.084375
1 0.7984375 0.80546875 0.103125 0.0875
1 0.79375 0.921875 0.103125 0.0875
2 0.83359375 0.0578125 0.10625 0.090625