2 0.13671875 0.7390625 0.09375 0.103125
2 0.1546875 0.58046875 0.08125 0.0734375
2 0.1515625 0.48203125 0.0796875 0.0671875
2 0.14921875 0.39609375 0.0734375 0.0625
2 0.26328125 0.859375 0.090625 0.1078125
2 0.246875 0.71875 0.0890625 0.0984375
2 0.25703125 0.575 0.075 0.071875
2 0.253125 0.484375 0.0640625 0.059375
2 0.25703125 0.38671875 0.0609375 0.0609375
2 0.36328125 0.85 0.090625 0.1046875
2 0.340625 0.69375 0.084375 0.0921875
2 0.359375 0.55625 0.06875 0.0703125
2 0.35 0.45625 0.0640625 0.0640625
2 0.3390625 0.38984375 0.0640625 0.059375
2 0.484375 0.81015625 0.090625 0.1109375
2 0.43046875 0.44375 0.0671875 0.065625
2 0.4484375 0.546875 0.075 0.071875
2 0.421875 0.3671875 0.0640625 0.0640625
2 0.47265625 0.66171875 0.0734375 0.078125
1 0.51484375 0.34765625 0.0640625 0.0640625
1 0.534375 0.42421875 0.0640625 0.0640625
1 0.57265625 0.646875 0.084375 0.0984375
1 0.5640625 0.52890625 0.0765625 0.08125
1 0.61953125 0.82890625 0.096875 0.1140625
1 0.60390625 0.33828125 0.0640625 0.0640625
1 0.6171875 0.40703125 0.0640625 0.0609375
1 0.64140625 0.51015625 0.075 0.078125
1 0.68984375 0.6484375 0.084375 0.0921875
1 0.73203125 0.80078125 0.090625 0.109375
1 0.68984375 0.403125 0.065625 0.0703125
1 0.73359375 0.515625 0.075 0.075
1 0.79375 0.6296875 0.0890625 0.0921875
1 0.83203125 0.76796875 0.09375 0.10625
1 0.9390625 0.75078125 0.090625 0.10625
2 0.1359375 0.8875 0.0953125 0.109375