2 0.39453125 0.88515625 0.0921875 0.08125
2 0.53828125 0.834375 0.0640625 0.0734375
2 0.63046875 0.81484375 0.0578125 0.071875
2 0.7109375 0.8 0.05625 0.0671875
2 0.2546875 0.7921875 0.0984375 0.0796875
2 0.3890625 0.778125 0.0890625 0.0796875
2 0.52109375 0.73671875 0.0640625 0.06875
2 0.60625 0.72109375 0.053125 0.05625
2 0.696875 0.69609375 0.0546875 0.0546875
2 0.2421875 0.69765625 0.0953125 0.0796875
2 0.3921875 0.684375 0.0828125 0.0734375
2 0.51640625 0.6375 0.0625 0.0609375
2 0.61171875 0.62421875 0.05625 0.05625
2 0.675 0.6203125 0.053125 0.05625
2 0.253125 0.57578125 0.1 0.0796875
2 0.60703125 0.5484375 0.05625 0.059375
2 0.50625 0.55390625 0.0640625 0.06875
2 0.6796875 0.5390625 0.05625 0.05625
2 0.39453125 0.55546875 0.0703125 0.065625
1 0.678125 0.4484375 0.05625 0.05625
1 0.6015625 0.44609375 0.05625 0.05625
1 0.38671875 0.45859375 0.0890625 0.075
1 0.4984375 0.44140625 0.0734375 0.06875
1 0.20703125 0.45390625 0.1015625 0.084375
1 0.6671875 0.36328125 0.05625 0.05625
1 0.6 0.365625 0.0546875 0.05625
1 0.49921875 0.36484375 0.0703125 0.06875
1 0.359375 0.35 0.0828125 0.0734375
1 0.20859375 0.34375 0.0984375 0.0796875
1 0.5890625 0.296875 0.0625 0.0578125
1 0.47421875 0.28125 0.06875 0.06875
1 0.3546875 0.24921875 0.0828125 0.078125
1 0.21796875 0.24296875 0.0953125 0.08125
1 0.2109375 0.13984375 0.0953125 0.0796875
2 0.25625 0.9171875 0.0984375 0.084375