2 0.4 0.88671875 0.0953125 0.084375
2 0.540625 0.8296875 0.0671875 0.075
2 0.63125 0.80546875 0.0609375 0.075
2 0.7109375 0.7859375 0.059375 0.06875
2 0.25703125 0.803125 0.1015625 0.084375
2 0.38984375 0.78125 0.090625 0.0828125
2 0.51953125 0.73359375 0.0671875 0.06875
2 0.60234375 0.71328125 0.0546875 0.059375
2 0.69140625 0.684375 0.0578125 0.0578125
2 0.2390625 0.709375 0.0984375 0.084375
2 0.3875 0.68828125 0.0859375 0.078125
2 0.509375 0.63515625 0.065625 0.0625
2 0.60234375 0.6171875 0.059375 0.059375
2 0.66640625 0.609375 0.0546875 0.059375
2 0.24375 0.58828125 0.103125 0.084375
2 0.59296875 0.54140625 0.059375 0.0625
2 0.49375 0.55234375 0.0671875 0.06875
2 0.665625 0.528125 0.059375 0.059375
2 0.3828125 0.56015625 0.071875 0.06875
1 0.659375 0.4390625 0.059375 0.059375
1 0.584375 0.440625 0.059375 0.059375
1 0.3703125 0.4640625 0.090625 0.078125
1 0.48046875 0.44140625 0.0765625 0.0703125
1 0.19140625 0.46953125 0.1078125 0.0890625
1 0.64453125 0.3546875 0.059375 0.059375
1 0.57734375 0.3609375 0.0578125 0.059375
1 0.47734375 0.36484375 0.0734375 0.0703125
1 0.3375 0.3578125 0.0859375 0.078125
1 0.1875 0.35859375 0.1015625 0.084375
1 0.5625 0.29296875 0.065625 0.059375
1 0.44921875 0.2828125 0.0703125 0.0703125
1 0.328125 0.25859375 0.0859375 0.0828125
1 0.19140625 0.259375 0.0984375 0.0859375
1 0.17890625 0.15625 0.0984375 0.084375
2 0.26484375 0.92734375 0.103125 0.0890625