2 0.3125 0.846875 0.1046875 0.0921875
2 0.47734375 0.8203125 0.071875 0.08125
2 0.5796875 0.81796875 0.0671875 0.08125
2 0.66953125 0.81640625 0.0625 0.075
2 0.18125 0.721875 0.109375 0.0921875
2 0.328125 0.73203125 0.0984375 0.090625
2 0.47734375 0.7125 0.0703125 0.075
2 0.571875 0.71171875 0.059375 0.0640625
2 0.6734375 0.70234375 0.0625 0.0625
2 0.18515625 0.61796875 0.1078125 0.090625
2 0.3484375 0.63203125 0.09375 0.0828125
2 0.49140625 0.60546875 0.0703125 0.06875
2 0.59609375 0.61015625 0.065625 0.065625
2 0.66484375 0.6171875 0.059375 0.0640625
2 0.21953125 0.4890625 0.1109375 0.0921875
2 0.6046875 0.52578125 0.065625 0.06875
2 0.49609375 0.51328125 0.0703125 0.075
2 0.68515625 0.53046875 0.065625 0.065625
2 0.37578125 0.49375 0.078125 0.075
1 0.7 0.43203125 0.065625 0.065625
1 0.61875 0.415625 0.065625 0.065625
1 0.38515625 0.38828125 0.0984375 0.084375
1 0.509375 0.390625 0.08125 0.0765625
1 0.19296875 0.34921875 0.115625 0.096875
1 0.70546875 0.33828125 0.065625 0.065625
1 0.63203125 0.328125 0.0625 0.065625
1 0.52421875 0.309375 0.078125 0.0765625
1 0.3765625 0.26640625 0.09375 0.0828125
1 0.21640625 0.23046875 0.109375 0.0921875
1 0.63359375 0.253125 0.0703125 0.065625
1 0.51328125 0.2140625 0.075 0.075
1 0.390625 0.1578125 0.09375 0.0890625
1 0.24453125 0.125 0.1078125 0.0921875
1 0.25703125 0.028125 0.1078125 0.05625
2 0.15859375 0.85703125 0.109375 0.0953125