2 0.90234375 0.70625 0.090625 0.103125
2 0.87265625 0.54375 0.0796875 0.0703125
2 0.86796875 0.44140625 0.0796875 0.065625
2 0.86484375 0.3515625 0.0734375 0.0625
2 0.7796875 0.83984375 0.0875 0.1078125
2 0.7875 0.69296875 0.0875 0.096875
2 0.765625 0.54453125 0.0734375 0.0703125
2 0.76328125 0.45078125 0.0640625 0.0578125
2 0.75234375 0.34921875 0.0609375 0.0609375
2 0.67578125 0.83671875 0.0875 0.1046875
2 0.6875 0.67421875 0.0828125 0.090625
2 0.65859375 0.5328125 0.065625 0.06875
2 0.6609375 0.42890625 0.0640625 0.0640625
2 0.66640625 0.36015625 0.0640625 0.0578125
2 0.54765625 0.8046875 0.0890625 0.109375
2 0.57734375 0.42109375 0.065625 0.0640625
2 0.5671875 0.53046875 0.0734375 0.0703125
2 0.58046875 0.34140625 0.0640625 0.0640625
2 0.54921875 0.65 0.071875 0.0765625
1 0.4828125 0.32734375 0.0640625 0.0640625
1 0.46796875 0.409375 0.0640625 0.0640625
1 0.4453125 0.6421875 0.0828125 0.096875
1 0.4453125 0.51953125 0.075 0.08125
1 0.409375 0.834375 0.09375 0.1125
1 0.38984375 0.325 0.0640625 0.0640625
1 0.38125 0.39765625 0.0640625 0.0609375
1 0.36328125 0.50546875 0.075 0.078125
1 0.3234375 0.65234375 0.0828125 0.090625
1 0.29140625 0.8125 0.0875 0.10625
1 0.30546875 0.39765625 0.0640625 0.06875
1 0.26875 0.5171875 0.075 0.075
1 0.215625 0.640625 0.0875 0.090625
1 0.1859375 0.7859375 0.090625 0.1046875
1 0.07265625 0.7765625 0.0875 0.1046875
2 0.91484375 0.859375 0.0921875 0.10625