2 0.30859375 0.84609375 0.096875 0.0859375
2 0.45859375 0.8265625 0.06875 0.0765625
2 0.55234375 0.82734375 0.0625 0.075
2 0.634375 0.82890625 0.059375 0.06875
2 0.1921875 0.72734375 0.103125 0.0859375
2 0.32578125 0.74140625 0.0921875 0.084375
2 0.46328125 0.72890625 0.0671875 0.0703125
2 0.5484375 0.73125 0.0546875 0.059375
2 0.6421875 0.72578125 0.0578125 0.0578125
2 0.2 0.6328125 0.1 0.0859375
2 0.3484375 0.6515625 0.0875 0.0796875
2 0.47890625 0.63125 0.0671875 0.0640625
2 0.57421875 0.63828125 0.059375 0.059375
2 0.6375 0.646875 0.0546875 0.059375
2 0.23515625 0.51796875 0.1046875 0.0875
2 0.58515625 0.5625 0.0609375 0.0625
2 0.4859375 0.546875 0.0671875 0.0703125
2 0.6578125 0.56875 0.059375 0.059375
2 0.37734375 0.52578125 0.0734375 0.06875
1 0.67578125 0.48046875 0.059375 0.059375
1 0.6015625 0.4625 0.059375 0.059375
1 0.3890625 0.4296875 0.0921875 0.0796875
1 0.5015625 0.43671875 0.0765625 0.071875
1 0.21484375 0.38828125 0.10625 0.090625
1 0.68359375 0.3953125 0.0625 0.0609375
1 0.615625 0.3828125 0.0578125 0.059375
1 0.51796875 0.36171875 0.0734375 0.0703125
1 0.38515625 0.31875 0.0875 0.0796875
1 0.240625 0.28125 0.103125 0.0859375
1 0.61953125 0.31484375 0.065625 0.0609375
1 0.51171875 0.275 0.0703125 0.0703125
1 0.4015625 0.2203125 0.0875 0.084375
1 0.26953125 0.1859375 0.1 0.0875
1 0.284375 0.08125 0.1 0.0875
2 0.1671875 0.85 0.103125 0.090625