1 0.49921875 0.159375 0.153125 0.1125
2 0.97421875 0.15078125 0.040625 0.1046875
1 0.72421875 0.15546875 0.1578125 0.11875
1 0.30859375 0.1796875 0.153125 0.115625
1 0.1 0.2265625 0.1484375 0.11875
1 0.5421875 0.35234375 0.1640625 0.1234375
1 0.76171875 0.359375 0.1578125 0.1234375
1 0.31015625 0.39453125 0.153125 0.121875
1 0.10078125 0.41015625 0.153125 0.1125
1 0.70859375 0.02578125 0.1578125 0.0515625
1 0.83984375 0.559375 0.1609375 0.1234375
1 0.55546875 0.59453125 0.1671875 0.125
1 0.30546875 0.6015625 0.153125 0.125
1 0.0796875 0.6296875 0.15625 0.128125
2 0.9546875 0.02890625 0.075 0.0578125
1 0.33671875 0.81328125 0.1609375 0.1375
1 0.08671875 0.81875 0.153125 0.134375
1 0.60390625 0.83203125 0.19375 0.146875
1 0.46796875 0.03984375 0.1484375 0.0796875
1 0.8703125 0.840625 0.18125 0.1421875
1 0.28828125 0.04453125 0.1484375 0.084375
1 0.10078125 0.0609375 0.1453125 0.109375