1 0.425 0.790625 0.1546875 0.121875
2 0.89453125 0.86484375 0.1203125 0.1125
1 0.63046875 0.82265625 0.159375 0.128125
1 0.25234375 0.746875 0.1546875 0.125
1 0.07109375 0.67734375 0.1421875 0.1265625
1 0.48828125 0.61875 0.165625 0.134375
2 0.93984375 0.6828125 0.0875 0.115625
1 0.69140625 0.64140625 0.1609375 0.134375
1 0.28125 0.55 0.15625 0.1296875
1 0.090625 0.50859375 0.1546875 0.121875
1 0.5953125 0.95234375 0.159375 0.0953125
2 0.96796875 0.50546875 0.0640625 0.1140625
1 0.7890625 0.4671875 0.1640625 0.134375
1 0.53203125 0.3984375 0.16875 0.1359375
1 0.303125 0.359375 0.15625 0.134375
1 0.1 0.30390625 0.159375 0.1359375
2 0.853125 0.96953125 0.14375 0.0609375
1 0.359375 0.16953125 0.165625 0.1453125
1 0.13046875 0.13203125 0.1578125 0.1421875
1 0.60703125 0.18671875 0.196875 0.1609375
1 0.3796875 0.90703125 0.1484375 0.1140625
1 0.85234375 0.21328125 0.184375 0.153125
1 0.2140625 0.8796875 0.15 0.1171875
1 0.06015625 0.83359375 0.1203125 0.1265625