1 0.51953125 0.17109375 0.1546875 0.1140625
2 0.03828125 0.15390625 0.05625 0.10625
1 0.29453125 0.16328125 0.1609375 0.1203125
1 0.71015625 0.19453125 0.1546875 0.1171875
1 0.91796875 0.24453125 0.1515625 0.1203125
1 0.4734375 0.36328125 0.1671875 0.1265625
1 0.253125 0.365625 0.1609375 0.125
1 0.7046875 0.40859375 0.15625 0.1234375
1 0.9140625 0.42734375 0.1546875 0.1140625
1 0.31171875 0.03046875 0.1578125 0.0609375
1 0.171875 0.5640625 0.1640625 0.1265625
1 0.45546875 0.6046875 0.1703125 0.128125
1 0.70546875 0.615625 0.15625 0.1265625
1 0.92421875 0.64765625 0.146875 0.1296875
2 0.05859375 0.03046875 0.0890625 0.0609375
1 0.67109375 0.8265625 0.1640625 0.140625
1 0.91640625 0.83671875 0.1484375 0.1359375
1 0.403125 0.84140625 0.1953125 0.15
1 0.5515625 0.04609375 0.15 0.0921875
1 0.13671875 0.84453125 0.1828125 0.1453125
1 0.7328125 0.05390625 0.15 0.0953125
1 0.91953125 0.07421875 0.1484375 0.1203125