1 0.7890625 0.92109375 0.184375 0.15625
1 0.51328125 0.89609375 0.190625 0.15625
1 0.196875 0.70546875 0.175 0.1453125
1 0.821875 0.74765625 0.1734375 0.140625
1 0.5046875 0.71171875 0.16875 0.1390625
1 0.2328125 0.503125 0.184375 0.1453125
1 0.534375 0.50546875 0.1890625 0.1421875
1 0.81953125 0.53046875 0.1796875 0.1453125
1 0.25 0.26953125 0.1671875 0.1359375
1 0.51796875 0.29296875 0.1640625 0.1390625
1 0.82109375 0.3140625 0.1703125 0.1453125
1 0.265625 0.04609375 0.178125 0.0921875
1 0.56171875 0.05625 0.1609375 0.1125
1 0.8328125 0.07578125 0.16875 0.1109375
1 0.15625 0.87109375 0.1734375 0.1453125