1 0.07890625 0.22890625 0.140625 0.16875
1 0.08515625 0.496875 0.1375 0.1734375
1 0.246875 0.8140625 0.1296875 0.1578125
1 0.2484375 0.21015625 0.125 0.1578125
1 0.26171875 0.51640625 0.125 0.1546875
1 0.44453125 0.79296875 0.1296875 0.16875
1 0.46171875 0.503125 0.125 0.1734375
1 0.45703125 0.2265625 0.1296875 0.1640625
1 0.6703125 0.79140625 0.11875 0.1546875
1 0.665625 0.53203125 0.125 0.1484375
1 0.665625 0.2390625 0.1296875 0.15625
1 0.909375 0.7921875 0.125 0.1640625
1 0.90625 0.50546875 0.11875 0.1484375
1 0.909375 0.2453125 0.125 0.15625
1 0.08515625 0.8421875 0.1296875 0.159375