1 0.95078125 0.27734375 0.0984375 0.1859375
1 0.9265625 0.54453125 0.146875 0.1953125
1 0.725 0.8359375 0.153125 0.1796875
1 0.8171875 0.2328125 0.15 0.178125
1 0.75625 0.5375 0.1484375 0.171875
1 0.53046875 0.78359375 0.15625 0.1890625
1 0.55859375 0.4921875 0.1515625 0.19375
1 0.60703125 0.21640625 0.1546875 0.184375
1 0.30546875 0.746875 0.14375 0.171875
1 0.35078125 0.48984375 0.146875 0.1671875
1 0.396875 0.196875 0.153125 0.1765625
1 0.07109375 0.71015625 0.1421875 0.1828125
1 0.11484375 0.42421875 0.1421875 0.1671875
1 0.153125 0.1640625 0.1484375 0.175
1 0.878125 0.88984375 0.1453125 0.1765625