1 0.284375 0.92421875 0.1734375 0.15
1 0.540625 0.89140625 0.1796875 0.1484375
1 0.82890625 0.7046875 0.1671875 0.140625
1 0.2484375 0.76328125 0.1671875 0.1359375
1 0.5421875 0.71953125 0.1609375 0.1359375
1 0.78828125 0.51640625 0.1765625 0.1421875
1 0.50859375 0.52890625 0.178125 0.1375
1 0.24296875 0.56171875 0.1703125 0.140625
1 0.7640625 0.3 0.159375 0.1296875
1 0.51640625 0.33046875 0.15625 0.1359375
1 0.23515625 0.359375 0.1640625 0.1390625
1 0.740625 0.0703125 0.1703125 0.1375
1 0.46640625 0.1015625 0.1546875 0.1296875
1 0.215625 0.125 0.1640625 0.1359375
1 0.871875 0.85625 0.1671875 0.1390625