1 0.07421875 0.7015625 0.1484375 0.178125
1 0.10859375 0.4453125 0.153125 0.184375
1 0.3015625 0.15859375 0.14375 0.16875
1 0.2328125 0.740625 0.1390625 0.16875
1 0.28125 0.446875 0.1375 0.1625
1 0.48984375 0.20234375 0.1453125 0.178125
1 0.47265625 0.48359375 0.140625 0.1828125
1 0.43515625 0.75 0.14375 0.1734375
1 0.70703125 0.23046875 0.13125 0.1609375
1 0.671875 0.47890625 0.1375 0.159375
1 0.6375 0.76171875 0.14375 0.165625
1 0.93359375 0.25703125 0.1328125 0.1734375
1 0.90078125 0.534375 0.13125 0.1578125
1 0.87265625 0.78515625 0.1390625 0.165625
1 0.14921875 0.1125 0.14375 0.16875