1 0.91640625 0.30546875 0.1625 0.1875
1 0.88125 0.58125 0.1609375 0.19375
1 0.68046875 0.890625 0.15 0.1765625
1 0.74375 0.26796875 0.1453125 0.1765625
1 0.696875 0.5828125 0.1453125 0.171875
1 0.47890625 0.84765625 0.1515625 0.1875
1 0.4921875 0.546875 0.146875 0.1921875
1 0.5265625 0.26171875 0.1515625 0.1828125
1 0.2453125 0.82109375 0.140625 0.171875
1 0.278125 0.5546875 0.14375 0.1671875
1 0.31015625 0.25234375 0.15 0.1734375
1 0.03671875 0.79765625 0.0734375 0.1796875
1 0.05078125 0.5015625 0.1015625 0.1625
1 0.075 0.234375 0.1109375 0.16875
1 0.84375 0.92421875 0.15 0.1515625