1 0.05078125 0.7203125 0.1015625 0.190625
1 0.07265625 0.44453125 0.1453125 0.1984375
1 0.27578125 0.13984375 0.1546875 0.1828125
1 0.18984375 0.7640625 0.1515625 0.1828125
1 0.2484375 0.44921875 0.1515625 0.178125
1 0.47734375 0.19140625 0.15625 0.19375
1 0.453125 0.4921875 0.1546875 0.196875
1 0.4078125 0.77734375 0.15625 0.1875
1 0.709375 0.22578125 0.1453125 0.1765625
1 0.6671875 0.49140625 0.15 0.171875
1 0.625 0.79453125 0.1546875 0.18125
1 0.9390625 0.25859375 0.121875 0.1859375
1 0.9125 0.55390625 0.14375 0.1703125
1 0.87734375 0.82421875 0.1515625 0.18125
1 0.11796875 0.0890625 0.1421875 0.178125