1 0.86953125 0.79609375 0.146875 0.1703125
1 0.89140625 0.534375 0.1453125 0.178125
1 0.7671875 0.21171875 0.1359375 0.1640625
1 0.70390625 0.79453125 0.13125 0.1625
1 0.725 0.5 0.13125 0.15625
1 0.5765625 0.21484375 0.1375 0.171875
1 0.528125 0.48984375 0.1328125 0.1765625
1 0.5046875 0.76015625 0.1375 0.16875
1 0.359375 0.19140625 0.125 0.15625
1 0.334375 0.44296875 0.13125 0.153125
1 0.30703125 0.72734375 0.1359375 0.1609375
1 0.128125 0.16875 0.1328125 0.1671875
1 0.1015625 0.4453125 0.125 0.153125
1 0.07265625 0.69609375 0.13125 0.159375
1 0.9265625 0.20078125 0.1359375 0.1640625