1 0.0296875 0.26484375 0.059375 0.1796875
1 0.03515625 0.55390625 0.0703125 0.1890625
1 0.175 0.89609375 0.14375 0.175
1 0.16640625 0.2421875 0.1375 0.175
1 0.18671875 0.57421875 0.1375 0.1703125
1 0.3890625 0.86953125 0.14375 0.1859375
1 0.40234375 0.55546875 0.1375 0.1921875
1 0.3921875 0.25703125 0.14375 0.1796875
1 0.63359375 0.86328125 0.1328125 0.1703125
1 0.62421875 0.584375 0.1375 0.1640625
1 0.61875 0.26640625 0.14375 0.1734375
1 0.89140625 0.86015625 0.1375 0.1796875
1 0.884375 0.55 0.1328125 0.1640625
1 0.88203125 0.26796875 0.1375 0.1734375
1 0.04140625 0.92109375 0.0609375 0.1578125