1 0.24765625 0.8953125 0.1609375 0.134375
1 0.5046875 0.8890625 0.1671875 0.13125
1 0.80859375 0.73359375 0.153125 0.125
1 0.228125 0.73125 0.153125 0.1203125
1 0.5234375 0.71953125 0.1484375 0.1203125
1 0.78828125 0.54375 0.1625 0.125
1 0.51015625 0.5265625 0.1671875 0.1203125
1 0.24453125 0.53125 0.1578125 0.125
1 0.7875 0.32734375 0.1484375 0.115625
1 0.53828125 0.33125 0.1421875 0.1203125
1 0.25625 0.33046875 0.15 0.125
1 0.78828125 0.096875 0.1578125 0.1203125
1 0.5125 0.1 0.1421875 0.115625
1 0.2625 0.096875 0.15 0.1203125
1 0.8359375 0.88984375 0.153125 0.125