1 0.27265625 0.11015625 0.18125 0.153125
1 0.55703125 0.1265625 0.1890625 0.15
1 0.884375 0.30859375 0.171875 0.1421875
1 0.24921875 0.2890625 0.171875 0.1359375
1 0.56875 0.3109375 0.165625 0.1359375
1 0.853125 0.51328125 0.1828125 0.14375
1 0.54921875 0.5234375 0.1875 0.1375
1 0.25625 0.50859375 0.178125 0.14375
1 0.84609375 0.7515625 0.165625 0.13125
1 0.5703125 0.7390625 0.1625 0.1359375
1 0.26171875 0.72578125 0.16875 0.1421875
1 0.8375 0.965625 0.175 0.06875
1 0.534375 0.96171875 0.159375 0.0765625
1 0.2609375 0.953125 0.1671875 0.078125
1 0.9171875 0.13984375 0.165625 0.1421875