1 0.91171875 0.70234375 0.159375 0.184375
1 0.87265625 0.43515625 0.159375 0.1921875
1 0.67109375 0.13671875 0.1484375 0.175
1 0.74375 0.74296875 0.14375 0.175
1 0.69296875 0.43671875 0.14375 0.16875
1 0.47578125 0.18203125 0.15 0.184375
1 0.49375 0.475 0.146875 0.190625
1 0.5328125 0.7515625 0.15 0.1796875
1 0.25 0.21171875 0.1390625 0.16875
1 0.2859375 0.47109375 0.1421875 0.1640625
1 0.32265625 0.76484375 0.1484375 0.171875
1 0.040625 0.2390625 0.08125 0.178125
1 0.05859375 0.5265625 0.1171875 0.1625
1 0.0875 0.78671875 0.1234375 0.16875
1 0.83046875 0.08828125 0.1484375 0.175