1 0.23046875 0.05625 0.1734375 0.1125
1 0.5015625 0.06328125 0.18125 0.1265625
1 0.81875 0.23046875 0.165625 0.1359375
1 0.20546875 0.2109375 0.165625 0.13125
1 0.51640625 0.23515625 0.1609375 0.13125
1 0.78984375 0.4296875 0.1765625 0.1375
1 0.4953125 0.43828125 0.18125 0.1328125
1 0.215625 0.4234375 0.171875 0.1359375
1 0.78046875 0.659375 0.1609375 0.1265625
1 0.51796875 0.6453125 0.15625 0.13125
1 0.2203125 0.63515625 0.1625 0.1359375
1 0.7734375 0.9015625 0.171875 0.13125
1 0.48203125 0.88828125 0.15625 0.1265625
1 0.21796875 0.8828125 0.1625 0.13125
1 0.85234375 0.075 0.165625 0.1203125