1 0.15390625 0.840625 0.184375 0.1609375
1 0.42109375 0.88203125 0.190625 0.159375
1 0.76171875 0.778125 0.1734375 0.15
1 0.16640625 0.67109375 0.1734375 0.1453125
1 0.46875 0.71328125 0.1703125 0.14375
1 0.77265625 0.58203125 0.184375 0.1515625
1 0.49375 0.51171875 0.1890625 0.146875
1 0.2171875 0.46796875 0.1796875 0.15
1 0.8125 0.359375 0.16875 0.1375
1 0.5546875 0.315625 0.1640625 0.14375
1 0.265625 0.2671875 0.171875 0.1484375
1 0.85234375 0.12421875 0.1796875 0.1453125
1 0.56953125 0.0765625 0.1625 0.1375
1 0.3140625 0.05 0.171875 0.1
1 0.76171875 0.93359375 0.1734375 0.1328125