1 0.81875 0.13984375 0.1828125 0.1609375
1 0.55859375 0.0953125 0.190625 0.1609375
1 0.221875 0.1921875 0.1734375 0.15
1 0.80546875 0.3078125 0.1734375 0.1453125
1 0.50625 0.2625 0.16875 0.1453125
1 0.2046875 0.38671875 0.184375 0.1515625
1 0.48203125 0.45859375 0.1890625 0.1484375
1 0.75078125 0.50625 0.178125 0.15
1 0.1640625 0.60546875 0.1671875 0.140625
1 0.41484375 0.65 0.1640625 0.14375
1 0.6984375 0.7046875 0.171875 0.15
1 0.11875 0.83671875 0.178125 0.146875
1 0.39609375 0.8875 0.1625 0.1390625
1 0.646875 0.93359375 0.171875 0.1328125
1 0.22421875 0.05234375 0.1734375 0.1046875