1 0.746875 0.7484375 0.121875 0.0890625
0 0.46484375 0.79296875 0.1078125 0.071875
1 0.61171875 0.76953125 0.11875 0.0875
0 0.35625 0.8078125 0.103125 0.0765625
1 0.8828125 0.71875 0.1296875 0.0953125
2 0.0828125 0.84140625 0.078125 0.078125
0 0.2234375 0.81484375 0.1078125 0.078125
1 0.60546875 0.68359375 0.11875 0.0875
1 0.7234375 0.6546875 0.128125 0.0953125
2 0.06875 0.74765625 0.08125 0.0875
0 0.32265625 0.7046875 0.1140625 0.078125
0 0.44140625 0.678125 0.109375 0.0859375
0 0.1859375 0.715625 0.1109375 0.0875
1 0.88203125 0.6015625 0.128125 0.103125
0 0.14921875 0.63203125 0.1140625 0.0890625
0 0.28828125 0.61015625 0.11875 0.0875
0 0.41171875 0.575 0.1125 0.0875
1 0.553125 0.54921875 0.1375 0.1125
2 0.02109375 0.62578125 0.028125 0.09375
1 0.71953125 0.50234375 0.1390625 0.11875
1 0.88046875 0.46875 0.13125 0.1046875
0 0.1 0.53203125 0.140625 0.10625
0 0.24375 0.496875 0.1203125 0.096875
0 0.39140625 0.4640625 0.1265625 0.0953125
1 0.52734375 0.37421875 0.1453125 0.121875
1 0.72265625 0.34375 0.1546875 0.1203125
1 0.903125 0.29921875 0.1390625 0.121875
0 0.05390625 0.3859375 0.1078125 0.10625
0 0.2015625 0.3546875 0.1296875 0.1046875
0 0.35390625 0.32578125 0.13125 0.1109375
1 0.70390625 0.18671875 0.1609375 0.128125
1 0.50390625 0.2125 0.15625 0.1359375
1 0.8890625 0.15234375 0.1375 0.1265625
0 0.30859375 0.1921875 0.1390625 0.11875
0 0.15546875 0.21171875 0.14375 0.128125
0 0.021875 0.234375 0.04375 0.1125