1 0.8140625 0.71875 0.0828125 0.1171875
0 0.84140625 0.434375 0.065625 0.1015625
1 0.82578125 0.58359375 0.0828125 0.115625
0 0.84921875 0.3296875 0.071875 0.1
1 0.7921875 0.85234375 0.090625 0.1265625
2 0.86953125 0.06171875 0.071875 0.0578125
0 0.853125 0.19765625 0.071875 0.103125
1 0.740625 0.5796875 0.0828125 0.115625
1 0.71796875 0.6984375 0.0890625 0.1234375
2 0.7765625 0.05390625 0.0796875 0.0609375
0 0.7484375 0.30234375 0.0734375 0.1125
0 0.72890625 0.41796875 0.08125 0.103125
0 0.75234375 0.165625 0.08125 0.103125
1 0.67578125 0.86015625 0.0953125 0.121875
0 0.66875 0.13125 0.0828125 0.109375
0 0.6515625 0.27265625 0.0828125 0.115625
0 0.625 0.396875 0.0828125 0.109375
1 0.60546875 0.53671875 0.10625 0.1328125
1 0.5671875 0.70078125 0.109375 0.1328125
1 0.5421875 0.86171875 0.1 0.1265625
0 0.5671875 0.08828125 0.1 0.134375
0 0.5375 0.23203125 0.090625 0.1171875
0 0.5125 0.3796875 0.0890625 0.1203125
1 0.43359375 0.52109375 0.115625 0.1375
1 0.41015625 0.71328125 0.1109375 0.1484375
1 0.378125 0.89609375 0.115625 0.1328125
0 0.41796875 0.0515625 0.0984375 0.103125
0 0.39453125 0.19765625 0.0984375 0.1234375
0 0.37578125 0.3515625 0.10625 0.128125
1 0.25703125 0.70234375 0.1203125 0.1546875
1 0.271875 0.50390625 0.1265625 0.15
1 0.23046875 0.8953125 0.1234375 0.1484375
0 0.2421875 0.31484375 0.109375 0.1328125
0 0.25078125 0.16015625 0.121875 0.134375
0 0.265625 0.0234375 0.103125 0.046875