1 0.3296875 0.19921875 0.1171875 0.084375
0 0.609375 0.2359375 0.103125 0.0671875
1 0.46328125 0.21796875 0.115625 0.084375
0 0.71328125 0.2515625 0.0984375 0.071875
1 0.19609375 0.190625 0.125 0.090625
2 0.97265625 0.2921875 0.0546875 0.075
0 0.840625 0.27734375 0.103125 0.071875
1 0.44765625 0.30078125 0.115625 0.084375
1 0.328125 0.29609375 0.1234375 0.090625
2 0.965625 0.384375 0.06875 0.084375
0 0.7171875 0.35390625 0.1109375 0.0734375
0 0.60078125 0.34765625 0.1046875 0.0828125
0 0.8484375 0.38046875 0.1046875 0.0828125
1 0.1625 0.3 0.121875 0.096875
0 0.86328125 0.46953125 0.1109375 0.084375
0 0.72421875 0.45625 0.1140625 0.084375
0 0.5984375 0.453125 0.1109375 0.084375
1 0.45859375 0.440625 0.1328125 0.10625
2 0.98515625 0.5140625 0.0296875 0.090625
1 0.29140625 0.44140625 0.1328125 0.1109375
1 0.13125 0.42890625 0.1265625 0.1015625
0 0.8828125 0.57734375 0.134375 0.1015625
0 0.7375 0.57421875 0.115625 0.090625
0 0.58984375 0.565625 0.1203125 0.0890625
1 0.43515625 0.61015625 0.1390625 0.11875
1 0.2453125 0.5890625 0.1484375 0.1125
1 0.06328125 0.57890625 0.1265625 0.1171875
0 0.8984375 0.73125 0.13125 0.1015625
0 0.7390625 0.71953125 0.125 0.1015625
0 0.58515625 0.703125 0.128125 0.10625
1 0.22109375 0.73984375 0.1546875 0.121875
1 0.415625 0.76953125 0.15 0.128125
1 0.0515625 0.72265625 0.103125 0.1203125
0 0.5921875 0.840625 0.134375 0.1109375
0 0.74296875 0.86640625 0.134375 0.1203125
0 0.9078125 0.88671875 0.1078125 0.1078125