1 0.7390625 0.13671875 0.1171875 0.0765625
0 0.43984375 0.13671875 0.103125 0.059375
1 0.5953125 0.13671875 0.115625 0.0765625
0 0.325 0.1390625 0.0984375 0.065625
1 0.88515625 0.14453125 0.125 0.08125
2 0.0359375 0.14921875 0.071875 0.0703125
0 0.1859375 0.153125 0.103125 0.065625
1 0.60390625 0.2265625 0.115625 0.0765625
1 0.73125 0.2375 0.121875 0.08125
2 0.03671875 0.2484375 0.0734375 0.08125
0 0.30703125 0.2515625 0.1125 0.065625
0 0.434375 0.259375 0.103125 0.0765625
0 0.1640625 0.2625 0.103125 0.0765625
1 0.9046875 0.26640625 0.1203125 0.090625
0 0.1390625 0.35546875 0.109375 0.0765625
0 0.28671875 0.35546875 0.115625 0.0765625
0 0.42109375 0.371875 0.109375 0.0765625
1 0.57109375 0.37421875 0.13125 0.0984375
2 0.00703125 0.38359375 0.0125 0.0953125
1 0.7515625 0.39609375 0.13125 0.103125
1 0.9234375 0.4046875 0.125 0.09375
0 0.10546875 0.4671875 0.134375 0.09375
0 0.259375 0.4796875 0.115625 0.084375
0 0.41796875 0.4890625 0.1203125 0.08125
1 0.5734375 0.56015625 0.1375 0.109375
1 0.78125 0.56015625 0.146875 0.103125
1 0.9546875 0.5765625 0.090625 0.109375
0 0.065625 0.628125 0.13125 0.0921875
0 0.2390625 0.63359375 0.121875 0.09375
0 0.4015625 0.6390625 0.125 0.0984375
1 0.78671875 0.72578125 0.153125 0.1125
1 0.5765625 0.73203125 0.146875 0.1203125
1 0.96015625 0.73203125 0.078125 0.115625
0 0.37734375 0.784375 0.13125 0.103125
0 0.21484375 0.78984375 0.134375 0.1140625
0 0.04375 0.7921875 0.0875 0.1046875