1 0.23828125 0.8171875 0.0921875 0.1265625
0 0.196875 0.5203125 0.0734375 0.1109375
1 0.21875 0.67421875 0.0921875 0.125
0 0.1828125 0.40625 0.078125 0.10625
1 0.26640625 0.94609375 0.0984375 0.1078125
2 0.15078125 0.09921875 0.0859375 0.11875
0 0.17734375 0.2671875 0.0796875 0.1109375
1 0.30859375 0.6703125 0.0921875 0.125
1 0.33671875 0.79453125 0.096875 0.13125
2 0.2484375 0.0875 0.096875 0.1234375
0 0.2921875 0.37265625 0.08125 0.1203125
0 0.3171875 0.49765625 0.090625 0.1125
0 0.2828125 0.2296875 0.090625 0.1125
1 0.3890625 0.9484375 0.10625 0.103125
0 0.371875 0.1921875 0.090625 0.11875
0 0.3921875 0.33828125 0.0921875 0.125
0 0.42734375 0.46953125 0.090625 0.11875
1 0.45 0.6171875 0.115625 0.14375
2 0.378125 0.03828125 0.1015625 0.0640625
1 0.496875 0.79296875 0.1203125 0.14375
1 0.5265625 0.946875 0.10625 0.10625
0 0.47734375 0.14375 0.1109375 0.146875
0 0.5109375 0.29375 0.1 0.1265625
0 0.54296875 0.45 0.096875 0.1296875
1 0.634375 0.59375 0.128125 0.1515625
1 0.66328125 0.8 0.121875 0.159375
1 0.7015625 0.95078125 0.115625 0.065625
0 0.63125 0.08125 0.1109375 0.14375
0 0.6609375 0.25234375 0.109375 0.134375
0 0.6890625 0.4125 0.115625 0.1375
1 0.82734375 0.78203125 0.1328125 0.1671875
1 0.80546875 0.5734375 0.1390625 0.1625
1 0.85625 0.934375 0.1203125 0.05625
0 0.8296875 0.36875 0.1203125 0.14375
0 0.8125 0.20625 0.1328125 0.1484375
0 0.78671875 0.04375 0.1203125 0.0875