1 0.2765625 0.1890625 0.109375 0.071875
0 0.55625 0.1890625 0.096875 0.05625
1 0.4109375 0.1890625 0.10625 0.071875
0 0.66328125 0.19140625 0.0921875 0.0609375
1 0.140625 0.19609375 0.1171875 0.0765625
2 0.95 0.2015625 0.1 0.065625
0 0.79375 0.20390625 0.096875 0.0609375
1 0.403125 0.27265625 0.10625 0.071875
1 0.284375 0.2828125 0.115625 0.0765625
2 0.9484375 0.29296875 0.103125 0.0765625
0 0.6796875 0.29609375 0.1046875 0.0609375
0 0.5609375 0.30390625 0.096875 0.071875
0 0.8140625 0.30625 0.096875 0.071875
1 0.12265625 0.31015625 0.1125 0.084375
0 0.83671875 0.39296875 0.103125 0.071875
0 0.69921875 0.39296875 0.10625 0.071875
0 0.57421875 0.4078125 0.103125 0.071875
1 0.43359375 0.4109375 0.121875 0.0921875
2 0.9765625 0.41953125 0.046875 0.0890625
1 0.265625 0.43125 0.121875 0.096875
1 0.1046875 0.4390625 0.1171875 0.0875
0 0.86875 0.49765625 0.125 0.0875
0 0.72421875 0.50859375 0.10625 0.078125
0 0.5765625 0.51796875 0.1125 0.0765625
1 0.43125 0.584375 0.128125 0.103125
1 0.2375 0.584375 0.1375 0.096875
1 0.05859375 0.59921875 0.1171875 0.103125
0 0.90546875 0.64765625 0.121875 0.0875
0 0.74375 0.653125 0.115625 0.0875
0 0.5921875 0.6578125 0.1171875 0.0921875
1 0.23203125 0.73828125 0.14375 0.1046875
1 0.42890625 0.74453125 0.1375 0.1125
1 0.05390625 0.74453125 0.10625 0.10625
0 0.61484375 0.79375 0.121875 0.096875
0 0.76640625 0.7984375 0.125 0.10625
0 0.9421875 0.8 0.115625 0.096875