1 0.7890625 0.16171875 0.1203125 0.0828125
0 0.49296875 0.14375 0.10625 0.0671875
1 0.64765625 0.1546875 0.1171875 0.0828125
0 0.3828125 0.13828125 0.1015625 0.071875
1 0.9296875 0.1796875 0.128125 0.0890625
2 0.07734375 0.12578125 0.109375 0.0765625
0 0.24453125 0.13984375 0.1078125 0.0734375
1 0.646875 0.24296875 0.1171875 0.0828125
1 0.77109375 0.2625 0.1265625 0.0890625
2 0.071875 0.2234375 0.1125 0.0859375
0 0.35703125 0.24453125 0.1140625 0.0734375
0 0.47890625 0.2609375 0.1078125 0.08125
0 0.21640625 0.24609375 0.1078125 0.08125
1 0.93984375 0.3 0.1203125 0.096875
0 0.1828125 0.33515625 0.1125 0.0828125
0 0.3296875 0.34765625 0.1171875 0.0828125
0 0.46015625 0.3703125 0.1125 0.0828125
1 0.6078125 0.3859375 0.134375 0.10625
2 0.03359375 0.35390625 0.0546875 0.09375
1 0.78046875 0.4203125 0.134375 0.1125
1 0.94140625 0.43984375 0.1171875 0.0984375
0 0.14140625 0.44296875 0.1375 0.1
0 0.2921875 0.46796875 0.11875 0.0921875
0 0.446875 0.48828125 0.1234375 0.0890625
1 0.59765625 0.56640625 0.1421875 0.1171875
1 0.79921875 0.5828125 0.1515625 0.1125
1 0.96015625 0.60703125 0.075 0.1125
0 0.09453125 0.5984375 0.134375 0.1
0 0.26171875 0.61796875 0.128125 0.0984375
0 0.4234375 0.63203125 0.1296875 0.1046875
1 0.79296875 0.74296875 0.1578125 0.1203125
1 0.5859375 0.734375 0.153125 0.128125
1 0.953125 0.76015625 0.0671875 0.115625
0 0.3890625 0.77265625 0.134375 0.1125
0 0.228125 0.76953125 0.1359375 0.121875
0 0.05390625 0.75546875 0.1078125 0.1109375