1 0.3078125 0.80703125 0.1203125 0.0859375
0 0.590625 0.771875 0.10625 0.06875
1 0.44375 0.790625 0.1171875 0.084375
0 0.69921875 0.75625 0.1 0.0734375
1 0.16875 0.81640625 0.128125 0.0921875
2 0.96640625 0.71171875 0.0671875 0.0796875
0 0.8296875 0.72734375 0.10625 0.075
1 0.425 0.70625 0.1171875 0.084375
1 0.30390625 0.7109375 0.1265625 0.0921875
2 0.959375 0.61796875 0.08125 0.0890625
0 0.703125 0.6484375 0.1125 0.075
0 0.58203125 0.65546875 0.1078125 0.0828125
0 0.8375 0.62109375 0.1078125 0.084375
1 0.13671875 0.70390625 0.125 0.1
0 0.85 0.53046875 0.1109375 0.084375
0 0.71015625 0.54765625 0.1171875 0.084375
0 0.58203125 0.54765625 0.1109375 0.084375
1 0.4390625 0.5625 0.1359375 0.1078125
2 0.9796875 0.48671875 0.040625 0.0953125
1 0.26640625 0.5625 0.1359375 0.1140625
1 0.10234375 0.575 0.128125 0.1015625
0 0.86953125 0.42109375 0.1375 0.103125
0 0.721875 0.42734375 0.11875 0.09375
0 0.57109375 0.4359375 0.125 0.0921875
1 0.415625 0.38671875 0.1421875 0.11875
1 0.21875 0.4109375 0.1515625 0.115625
1 0.05078125 0.4171875 0.1015625 0.115625
0 0.88828125 0.26328125 0.134375 0.1015625
0 0.7234375 0.278125 0.1265625 0.1015625
0 0.56875 0.2921875 0.1296875 0.1078125
1 0.19453125 0.25546875 0.159375 0.1234375
1 0.39296875 0.22421875 0.153125 0.13125
1 0.03671875 0.27109375 0.0734375 0.1203125
0 0.575 0.15234375 0.1359375 0.1140625
0 0.728125 0.128125 0.140625 0.1234375
0 0.90078125 0.10546875 0.11875 0.1109375