1 0.85546875 0.26640625 0.090625 0.1265625
0 0.8234375 0.5671875 0.071875 0.1109375
1 0.83984375 0.4109375 0.0890625 0.1234375
0 0.80859375 0.6828125 0.075 0.10625
1 0.8625 0.11875 0.0953125 0.1359375
2 0.765625 0.96640625 0.08125 0.0671875
0 0.78046875 0.82109375 0.0765625 0.1109375
1 0.75 0.39296875 0.0890625 0.1234375
1 0.75234375 0.2640625 0.0953125 0.1328125
2 0.66640625 0.959375 0.0921875 0.08125
0 0.69375 0.68828125 0.0765625 0.11875
0 0.69921875 0.56015625 0.0890625 0.1125
0 0.66796875 0.83203125 0.0890625 0.1125
1 0.7421875 0.08671875 0.103125 0.13125
0 0.571875 0.84609375 0.0890625 0.1171875
0 0.5875 0.69765625 0.0890625 0.1234375
0 0.58515625 0.56171875 0.0890625 0.1171875
1 0.5984375 0.4109375 0.1140625 0.1421875
2 0.528125 0.98203125 0.1 0.0359375
1 0.5953125 0.2265625 0.11875 0.14375
1 0.60390625 0.0625 0.1046875 0.1171875
0 0.45546875 0.86953125 0.1078125 0.14375
0 0.459375 0.7125 0.096875 0.1234375
0 0.4671875 0.55234375 0.0953125 0.1296875
1 0.41171875 0.3875 0.1234375 0.1484375
1 0.434375 0.17890625 0.1203125 0.159375
1 0.43359375 0.0265625 0.1140625 0.053125
0 0.2890625 0.8921875 0.1078125 0.1421875
0 0.30234375 0.71640625 0.10625 0.134375
0 0.3140625 0.55234375 0.1125 0.1375
1 0.26796875 0.15625 0.128125 0.165625
1 0.2390625 0.3671875 0.1375 0.1625
1 0.27734375 0.01328125 0.1203125 0.0265625
0 0.165625 0.5625 0.11875 0.14375
0 0.14296875 0.725 0.1296875 0.1453125
0 0.12109375 0.90703125 0.115625 0.1203125