2 0.8203125 0.175 0.0625 0.1
2 0.815625 0.3578125 0.0625 0.0921875
0 0.81875 0.828125 0.0515625 0.0734375
0 0.8171875 0.74296875 0.0578125 0.0796875
1 0.81875 0.953125 0.0671875 0.084375
2 0.803125 0.49609375 0.0578125 0.0859375
0 0.80546875 0.63125 0.0578125 0.0828125
1 0.74375 0.96328125 0.0703125 0.0671875
2 0.71953125 0.1828125 0.0671875 0.0984375
0 0.7234375 0.74609375 0.059375 0.0828125
2 0.7171875 0.5109375 0.0625 0.0875
0 0.71875 0.85234375 0.053125 0.0828125
2 0.7046875 0.3421875 0.0671875 0.1015625
0 0.709375 0.6375 0.0671875 0.0875
0 0.6359375 0.75234375 0.0625 0.0875
0 0.63359375 0.63671875 0.0625 0.0828125
0 0.625 0.85859375 0.0671875 0.0875
1 0.62109375 0.9625 0.075 0.071875
2 0.603125 0.18515625 0.0734375 0.1125
2 0.60625 0.490625 0.0671875 0.0984375
2 0.6 0.34453125 0.075 0.0984375
0 0.53984375 0.6359375 0.0671875 0.0921875
0 0.5375 0.75390625 0.0671875 0.0875
0 0.52734375 0.88046875 0.0671875 0.0875
2 0.46328125 0.478125 0.075 0.1015625
2 0.44765625 0.3140625 0.0859375 0.1171875
2 0.440625 0.15078125 0.0828125 0.1109375
0 0.4140625 0.640625 0.0734375 0.0921875
0 0.4109375 0.76640625 0.071875 0.0984375
0 0.40625 0.89765625 0.078125 0.0984375
2 0.31015625 0.33359375 0.0921875 0.1234375
2 0.3078125 0.48671875 0.0921875 0.1046875
2 0.29296875 0.1453125 0.0890625 0.128125
0 0.29609375 0.9015625 0.0796875 0.1046875
0 0.2875 0.640625 0.0828125 0.0984375
0 0.28515625 0.7890625 0.0828125 0.1015625