2 0.28046875 0.88125 0.1140625 0.08125
2 0.47578125 0.8421875 0.109375 0.0796875
0 0.96953125 0.75546875 0.0609375 0.0671875
0 0.890625 0.77109375 0.09375 0.0734375
2 0.62265625 0.80234375 0.0984375 0.075
0 0.76796875 0.7796875 0.0953125 0.0734375
2 0.26875 0.771875 0.1140625 0.0875
0 0.8765625 0.66796875 0.096875 0.075
2 0.621875 0.70703125 0.103125 0.0796875
0 0.9703125 0.64375 0.059375 0.06875
2 0.4375 0.725 0.11875 0.0875
0 0.75703125 0.67421875 0.103125 0.0859375
0 0.86640625 0.5734375 0.103125 0.0796875
0 0.740625 0.59296875 0.096875 0.078125
0 0.96328125 0.54296875 0.0734375 0.0828125
2 0.2484375 0.64609375 0.1328125 0.096875
2 0.578125 0.59140625 0.1140625 0.0875
2 0.41953125 0.6125 0.115625 0.096875
0 0.72265625 0.4921875 0.109375 0.0859375
0 0.85 0.46640625 0.103125 0.0859375
0 0.965625 0.43515625 0.06875 0.0796875
2 0.5375 0.4390625 0.1203125 0.096875
2 0.3578125 0.45390625 0.140625 0.109375
2 0.18203125 0.47734375 0.13125 0.1046875
0 0.703125 0.35625 0.1109375 0.0921875
0 0.8390625 0.328125 0.115625 0.09375
0 0.9515625 0.303125 0.059375 0.0890625
2 0.35390625 0.30234375 0.146875 0.1203125
2 0.51796875 0.27109375 0.1265625 0.115625
2 0.146875 0.31953125 0.1515625 0.1171875
0 0.93125 0.184375 0.0625 0.0921875
0 0.6796875 0.2203125 0.1171875 0.103125
0 0.8390625 0.1890625 0.121875 0.103125