2 0.1875 0.22421875 0.065625 0.0984375
2 0.2078125 0.4015625 0.065625 0.09375
0 0.24453125 0.86015625 0.0546875 0.071875
0 0.2390625 0.77734375 0.059375 0.0796875
1 0.2546875 0.96953125 0.06875 0.0609375
2 0.23203125 0.53515625 0.0609375 0.084375
0 0.24140625 0.6671875 0.059375 0.08125
1 0.3296875 0.97578125 0.071875 0.0484375
2 0.2875 0.221875 0.0703125 0.0984375
0 0.33203125 0.77265625 0.0609375 0.08125
2 0.31640625 0.54296875 0.065625 0.0890625
0 0.3453125 0.87578125 0.0546875 0.0828125
2 0.31484375 0.3765625 0.0703125 0.1046875
0 0.33515625 0.66484375 0.0703125 0.0890625
0 0.4171875 0.77109375 0.065625 0.0890625
0 0.409375 0.6578125 0.0640625 0.0828125
0 0.43671875 0.87421875 0.0703125 0.0890625
1 0.44921875 0.96875 0.0765625 0.0625
2 0.40078125 0.2140625 0.0765625 0.1140625
2 0.42421875 0.51328125 0.0703125 0.0984375
2 0.41796875 0.36953125 0.078125 0.0984375
0 0.5 0.6484375 0.0703125 0.09375
0 0.5140625 0.76484375 0.0703125 0.0890625
0 0.53515625 0.88671875 0.0703125 0.0890625
2 0.5625 0.4875 0.078125 0.1046875
2 0.5640625 0.32734375 0.0890625 0.11875
2 0.55546875 0.1671875 0.0859375 0.1109375
0 0.62421875 0.6421875 0.075 0.09375
0 0.6375 0.76640625 0.075 0.0984375
0 0.6546875 0.89296875 0.08125 0.0984375
2 0.69921875 0.33515625 0.096875 0.125
2 0.71484375 0.48359375 0.0953125 0.1078125
2 0.7 0.1484375 0.0953125 0.1296875
0 0.7609375 0.8875 0.0828125 0.10625
0 0.74765625 0.63125 0.084375 0.0984375
0 0.7625 0.7765625 0.084375 0.103125