2 0.784375 0.81953125 0.0640625 0.1
2 0.7859375 0.640625 0.0640625 0.090625
0 0.80546875 0.1828125 0.053125 0.071875
0 0.80078125 0.265625 0.0578125 0.0796875
1 0.809375 0.05859375 0.06875 0.0890625
2 0.778125 0.50625 0.0578125 0.084375
0 0.78515625 0.37421875 0.0578125 0.08125
1 0.7375 0.04609375 0.06875 0.071875
2 0.68671875 0.8078125 0.06875 0.096875
0 0.709375 0.259375 0.0609375 0.08125
2 0.6953125 0.48828125 0.0640625 0.0875
0 0.7078125 0.15546875 0.0546875 0.08125
2 0.6765625 0.65234375 0.06875 0.1015625
0 0.69140625 0.36484375 0.06875 0.0875
0 0.62421875 0.25 0.0640625 0.0875
0 0.61796875 0.36328125 0.0640625 0.08125
0 0.6171875 0.14609375 0.06875 0.0875
1 0.6171875 0.0421875 0.0734375 0.0765625
2 0.57265625 0.8015625 0.075 0.1125
2 0.5859375 0.5046875 0.06875 0.096875
2 0.575 0.646875 0.0765625 0.096875
0 0.5265625 0.3609375 0.06875 0.090625
0 0.528125 0.24453125 0.06875 0.0875
0 0.521875 0.12109375 0.06875 0.0875
2 0.44609375 0.51171875 0.0765625 0.1015625
2 0.425 0.67109375 0.0875 0.1171875
2 0.4140625 0.8296875 0.0828125 0.1109375
0 0.4046875 0.3515625 0.0734375 0.090625
0 0.40546875 0.22890625 0.0734375 0.096875
0 0.40546875 0.10078125 0.0796875 0.096875
2 0.29296875 0.646875 0.09375 0.1234375
2 0.2953125 0.49765625 0.0921875 0.1046875
2 0.26875 0.83046875 0.0921875 0.128125
0 0.2984375 0.09375 0.08125 0.103125
0 0.28125 0.34765625 0.0828125 0.0984375
0 0.284375 0.20234375 0.0828125 0.103125