2 0.13515625 0.85703125 0.10625 0.0671875
2 0.3296875 0.8515625 0.0984375 0.0671875
0 0.8296875 0.8546875 0.0765625 0.0546875
0 0.73984375 0.85078125 0.0859375 0.0609375
1 0.95625 0.8546875 0.0765625 0.0703125
2 0.4765625 0.8390625 0.090625 0.0609375
0 0.6203125 0.83828125 0.0875 0.0609375
1 0.9671875 0.775 0.0578125 0.0734375
2 0.14296875 0.74921875 0.1046875 0.071875
0 0.74296875 0.75 0.0875 0.0640625
2 0.49375 0.74453125 0.0921875 0.0671875
0 0.85625 0.7484375 0.0875 0.05625
2 0.31328125 0.73046875 0.109375 0.0703125
0 0.628125 0.7359375 0.0921875 0.0703125
0 0.74921875 0.6609375 0.0921875 0.0671875
0 0.6265625 0.65546875 0.0875 0.0671875
0 0.86328125 0.64609375 0.0921875 0.071875
1 0.96640625 0.64375 0.0640625 0.0796875
2 0.1453125 0.62578125 0.1203125 0.0765625
2 0.47109375 0.628125 0.1046875 0.0703125
2 0.31484375 0.621875 0.1046875 0.0796875
0 0.62578125 0.55625 0.0984375 0.0703125
0 0.7515625 0.553125 0.0921875 0.0703125
0 0.8859375 0.5421875 0.0921875 0.0703125
2 0.4578125 0.4734375 0.109375 0.0796875
2 0.2828125 0.45703125 0.125 0.090625
2 0.109375 0.45234375 0.1171875 0.0875
0 0.63046875 0.421875 0.0984375 0.0765625
0 0.76484375 0.41875 0.1046875 0.0765625
0 0.9046875 0.415625 0.1046875 0.0828125
2 0.30390625 0.3140625 0.1296875 0.0984375
2 0.4671875 0.3109375 0.1109375 0.0984375
2 0.103125 0.29296875 0.1359375 0.0953125
0 0.90859375 0.2984375 0.1109375 0.0859375
0 0.63046875 0.28984375 0.1046875 0.0875
0 0.7890625 0.284375 0.109375 0.0875