2 0.2046875 0.76953125 0.103125 0.065625
2 0.38984375 0.77109375 0.09375 0.065625
0 0.8609375 0.79140625 0.075 0.0546875
0 0.77578125 0.78359375 0.08125 0.0609375
1 0.96484375 0.79375 0.04375 0.0671875
2 0.528125 0.76328125 0.0875 0.0609375
0 0.66328125 0.7671875 0.084375 0.0609375
1 0.97734375 0.71953125 0.025 0.0703125
2 0.21640625 0.66796875 0.1 0.0703125
0 0.7828125 0.6890625 0.084375 0.0640625
2 0.54609375 0.675 0.0890625 0.065625
0 0.8890625 0.690625 0.084375 0.05625
2 0.37734375 0.65625 0.1046875 0.0703125
0 0.67421875 0.671875 0.0890625 0.0703125
0 0.7921875 0.6046875 0.0890625 0.065625
0 0.67578125 0.5953125 0.084375 0.065625
0 0.89921875 0.59453125 0.0890625 0.0703125
1 0.98125 0.59453125 0.03125 0.075
2 0.22265625 0.5515625 0.115625 0.078125
2 0.5296875 0.56484375 0.1 0.0703125
2 0.3828125 0.553125 0.1 0.078125
0 0.67734375 0.5015625 0.09375 0.0703125
0 0.796875 0.503125 0.0890625 0.0703125
0 0.925 0.496875 0.0890625 0.0703125
2 0.52265625 0.41796875 0.1046875 0.078125
2 0.35859375 0.396875 0.1203125 0.090625
2 0.19453125 0.3875 0.1140625 0.0875
0 0.6875 0.375 0.09375 0.0765625
0 0.8140625 0.3765625 0.1 0.0765625
0 0.94609375 0.37890625 0.1 0.0796875
2 0.3828125 0.2625 0.1265625 0.096875
2 0.53671875 0.265625 0.1078125 0.0953125
2 0.19375 0.2359375 0.13125 0.0953125
0 0.94921875 0.26796875 0.1015625 0.0828125
0 0.690625 0.25078125 0.1015625 0.0859375
0 0.840625 0.25078125 0.10625 0.0859375