2 0.82890625 0.79140625 0.0984375 0.0640625
2 0.64765625 0.790625 0.0921875 0.0640625
0 0.1828125 0.80078125 0.071875 0.053125
0 0.26640625 0.7984375 0.0796875 0.0578125
1 0.05546875 0.803125 0.0921875 0.06875
2 0.5109375 0.7796875 0.084375 0.0578125
0 0.37734375 0.784375 0.08125 0.0578125
1 0.04375 0.73125 0.0734375 0.0703125
2 0.81953125 0.69140625 0.096875 0.06875
0 0.26171875 0.7046875 0.08125 0.0609375
2 0.49453125 0.6953125 0.0859375 0.0625
0 0.15703125 0.7015625 0.08125 0.053125
2 0.6609375 0.6796875 0.1015625 0.06875
0 0.36875 0.68984375 0.0859375 0.06875
0 0.25390625 0.61875 0.0859375 0.0625
0 0.36875 0.61484375 0.08125 0.0625
0 0.14921875 0.61015625 0.0859375 0.06875
1 0.0421875 0.6078125 0.08125 0.075
2 0.815625 0.5765625 0.1125 0.0734375
2 0.51328125 0.584375 0.096875 0.06875
2 0.6578125 0.57578125 0.0984375 0.075
0 0.36796875 0.521875 0.0921875 0.06875
0 0.25078125 0.52109375 0.0859375 0.06875
0 0.125 0.51328125 0.0859375 0.06875
2 0.52265625 0.44296875 0.103125 0.075
2 0.68515625 0.425 0.11875 0.0875
2 0.8453125 0.41484375 0.1109375 0.0828125
0 0.3609375 0.396875 0.09375 0.0734375
0 0.2359375 0.396875 0.0984375 0.0734375
0 0.10625 0.39375 0.0984375 0.078125
2 0.66328125 0.28984375 0.1234375 0.0953125
2 0.51171875 0.2890625 0.10625 0.09375
2 0.85 0.26875 0.128125 0.0921875
0 0.10078125 0.28515625 0.10625 0.08125
0 0.359375 0.271875 0.0984375 0.0828125
0 0.2125 0.27265625 0.103125 0.0828125