2 0.76171875 0.8078125 0.0703125 0.1078125
2 0.7640625 0.61015625 0.0703125 0.103125
0 0.78515625 0.09921875 0.059375 0.0796875
0 0.78046875 0.19140625 0.0640625 0.0875
2 0.75546875 0.459375 0.0640625 0.09375
0 0.76328125 0.3125 0.0640625 0.090625
2 0.65234375 0.796875 0.0765625 0.1078125
0 0.67734375 0.184375 0.0671875 0.090625
2 0.6625 0.43984375 0.0703125 0.096875
0 0.6765625 0.06875 0.059375 0.090625
2 0.6421875 0.6234375 0.078125 0.1125
0 0.659375 0.3015625 0.0765625 0.096875
0 0.5828125 0.17421875 0.0703125 0.096875
0 0.57578125 0.30078125 0.0703125 0.090625
0 0.57578125 0.0578125 0.0765625 0.096875
2 0.5265625 0.78984375 0.0828125 0.125
2 0.540625 0.45859375 0.0765625 0.1078125
2 0.528125 0.6171875 0.084375 0.109375
0 0.475 0.29765625 0.0765625 0.103125
0 0.47578125 0.16875 0.0765625 0.096875
0 0.46953125 0.0390625 0.0765625 0.078125
2 0.38515625 0.46640625 0.0859375 0.1140625
2 0.36171875 0.64375 0.096875 0.13125
2 0.3484375 0.8203125 0.09375 0.1234375
0 0.3375 0.28828125 0.08125 0.103125
0 0.3390625 0.15078125 0.08125 0.1078125
0 0.3375 0.03046875 0.084375 0.0609375
2 0.21328125 0.6171875 0.10625 0.1359375
2 0.21640625 0.45078125 0.10625 0.1171875
2 0.1875 0.82265625 0.1046875 0.1421875
0 0.21875 0.02890625 0.0875 0.0578125
0 0.20078125 0.28359375 0.0921875 0.109375
0 0.20390625 0.12109375 0.09375 0.1140625