2 0.1484375 0.27421875 0.0765625 0.1140625
2 0.17734375 0.47265625 0.075 0.10625
0 0.23671875 0.97109375 0.0640625 0.0578125
0 0.2265625 0.890625 0.0703125 0.0921875
2 0.21015625 0.62109375 0.0703125 0.096875
0 0.22578125 0.76796875 0.0703125 0.09375
2 0.259375 0.2703125 0.0828125 0.1109375
0 0.33046875 0.88125 0.071875 0.09375
2 0.3046875 0.62578125 0.075 0.1
0 0.34765625 0.975 0.0609375 0.05
2 0.296875 0.440625 0.0828125 0.115625
0 0.33046875 0.7625 0.08125 0.1
0 0.42578125 0.87734375 0.075 0.1
0 0.4125 0.75078125 0.075 0.09375
0 0.45 0.9703125 0.078125 0.059375
2 0.3859375 0.25703125 0.090625 0.1296875
2 0.42265625 0.5890625 0.0828125 0.1109375
2 0.4109375 0.428125 0.0921875 0.1125
0 0.5140625 0.7375 0.08125 0.10625
0 0.5328125 0.865625 0.08125 0.1
0 0.55859375 0.975 0.075 0.0484375
2 0.5765625 0.55546875 0.0921875 0.1171875
2 0.571875 0.37578125 0.103125 0.1375
2 0.55703125 0.19765625 0.1 0.1265625
0 0.6515625 0.72578125 0.0875 0.1078125
0 0.671875 0.8625 0.0890625 0.1125
0 0.68984375 0.96796875 0.0859375 0.0375
2 0.7234375 0.37890625 0.1140625 0.1421875
2 0.746875 0.54453125 0.1109375 0.121875
2 0.7171875 0.171875 0.1109375 0.146875
0 0.81015625 0.95390625 0.0890625 0.0421875
0 0.78828125 0.70859375 0.0984375 0.1125
0 0.81171875 0.8703125 0.0984375 0.1171875