2 0.2125 0.80234375 0.0625 0.0984375
2 0.21328125 0.6234375 0.0625 0.0890625
0 0.20234375 0.165625 0.053125 0.0703125
0 0.2046875 0.24765625 0.05625 0.078125
1 0.20078125 0.046875 0.0671875 0.075
2 0.2234375 0.48828125 0.05625 0.0828125
0 0.21875 0.35703125 0.05625 0.0796875
1 0.271875 0.0359375 0.06875 0.0578125
2 0.3109375 0.79296875 0.0671875 0.0953125
0 0.29765625 0.24375 0.059375 0.0796875
2 0.30703125 0.47265625 0.0625 0.0859375
0 0.3 0.13984375 0.053125 0.0796875
2 0.32265625 0.63671875 0.0671875 0.1
0 0.3125 0.3484375 0.0671875 0.0859375
0 0.38203125 0.23515625 0.0625 0.0859375
0 0.3859375 0.3484375 0.0625 0.0796875
0 0.390625 0.13203125 0.0671875 0.0859375
1 0.39296875 0.03359375 0.0734375 0.0640625
2 0.42421875 0.7890625 0.071875 0.1109375
2 0.41640625 0.490625 0.0671875 0.0953125
2 0.425 0.6328125 0.075 0.096875
0 0.47734375 0.3484375 0.0671875 0.0890625
0 0.478125 0.23203125 0.0671875 0.0859375
0 0.48671875 0.10859375 0.0671875 0.0859375
2 0.55546875 0.50078125 0.075 0.1015625
2 0.5734375 0.66015625 0.084375 0.115625
2 0.58203125 0.81875 0.08125 0.109375
0 0.60078125 0.340625 0.071875 0.090625
0 0.60078125 0.21796875 0.071875 0.0953125
0 0.60390625 0.08984375 0.078125 0.096875
2 0.70703125 0.63828125 0.0921875 0.121875
2 0.70703125 0.4890625 0.090625 0.103125
2 0.72734375 0.821875 0.090625 0.1265625
0 0.7109375 0.084375 0.0796875 0.103125
0 0.7234375 0.33984375 0.08125 0.096875
0 0.72421875 0.19453125 0.08125 0.1015625