2 0.81640625 0.8875 0.065625 0.109375
2 0.80859375 0.6859375 0.065625 0.1
0 0.803125 0.16953125 0.05625 0.078125
0 0.8 0.2625 0.0609375 0.0859375
1 0.8 0.0390625 0.071875 0.078125
2 0.79140625 0.534375 0.0609375 0.090625
0 0.7890625 0.3859375 0.0609375 0.0890625
1 0.7171875 0.02890625 0.075 0.0578125
2 0.70546875 0.88046875 0.071875 0.10625
0 0.69609375 0.2609375 0.0640625 0.0890625
2 0.69453125 0.51953125 0.065625 0.09375
0 0.69140625 0.14453125 0.05625 0.0890625
2 0.68359375 0.70546875 0.071875 0.1109375
0 0.68359375 0.38046875 0.071875 0.09375
0 0.603125 0.25546875 0.065625 0.09375
0 0.6 0.38359375 0.065625 0.0890625
0 0.5859375 0.1390625 0.071875 0.09375
1 0.58203125 0.03203125 0.08125 0.0640625
2 0.578125 0.88046875 0.078125 0.121875
2 0.575 0.54453125 0.071875 0.10625
2 0.57109375 0.70546875 0.08125 0.10625
0 0.496875 0.3859375 0.071875 0.1
0 0.49140625 0.25546875 0.071875 0.09375
0 0.478125 0.11640625 0.071875 0.09375
2 0.415625 0.5609375 0.08125 0.1109375
2 0.4015625 0.74140625 0.090625 0.128125
2 0.4 0.92109375 0.0890625 0.11875
0 0.35859375 0.38359375 0.078125 0.1
0 0.353125 0.24453125 0.078125 0.10625
0 0.346875 0.1 0.084375 0.10625
2 0.253125 0.721875 0.1 0.134375
2 0.246875 0.55390625 0.1 0.1140625
2 0.234375 0.93046875 0.096875 0.1390625
0 0.2265625 0.0984375 0.0859375 0.1140625
0 0.221875 0.3859375 0.0890625 0.10625
0 0.2140625 0.221875 0.0890625 0.1109375