2 0.8125 0.2078125 0.0984375 0.0609375
2 0.6328125 0.21171875 0.0890625 0.0609375
0 0.175 0.20859375 0.0703125 0.0515625
0 0.25703125 0.21015625 0.078125 0.0546875
1 0.04921875 0.20859375 0.0890625 0.065625
2 0.4984375 0.22421875 0.0828125 0.0546875
0 0.36640625 0.221875 0.0796875 0.0546875
1 0.03984375 0.28125 0.0734375 0.0671875
2 0.80390625 0.30625 0.0953125 0.065625
0 0.2546875 0.30234375 0.0796875 0.0578125
2 0.48359375 0.3078125 0.0859375 0.0609375
0 0.15078125 0.30625 0.0796875 0.0515625
2 0.6484375 0.3203125 0.1 0.065625
0 0.36015625 0.315625 0.0859375 0.065625
0 0.24765625 0.38671875 0.0859375 0.0609375
0 0.3609375 0.3890625 0.0796875 0.0609375
0 0.14453125 0.39765625 0.0859375 0.065625
1 0.03984375 0.40234375 0.078125 0.0734375
2 0.80234375 0.41953125 0.1109375 0.0703125
2 0.50390625 0.41640625 0.0953125 0.065625
2 0.646875 0.42265625 0.0953125 0.0734375
0 0.36171875 0.48046875 0.0890625 0.065625
0 0.24609375 0.4828125 0.0859375 0.065625
0 0.1234375 0.49375 0.0859375 0.065625
2 0.51640625 0.55546875 0.1 0.0734375
2 0.67578125 0.57109375 0.1140625 0.0828125
2 0.834375 0.5765625 0.1078125 0.0796875
0 0.3578125 0.60390625 0.0890625 0.0703125
0 0.23515625 0.60625 0.0953125 0.0703125
0 0.10625 0.6109375 0.0953125 0.0765625
2 0.65625 0.70546875 0.1203125 0.0890625
2 0.50703125 0.70703125 0.1015625 0.0890625
2 0.840625 0.721875 0.125 0.0875
0 0.103125 0.71796875 0.1015625 0.078125
0 0.3578125 0.7265625 0.0953125 0.0796875
0 0.2125 0.7296875 0.1 0.0796875