1 0.18359375 0.38828125 0.0890625 0.1203125
1 0.21640625 0.290625 0.0828125 0.103125
2 0.19921875 0.54921875 0.0828125 0.103125
0 0.221875 0.4609375 0.0765625 0.1
2 0.21171875 0.65546875 0.0765625 0.1046875
1 0.25703125 0.3625 0.084375 0.109375
1 0.28984375 0.2515625 0.084375 0.115625
2 0.27734375 0.546875 0.0796875 0.1
0 0.26953125 0.734375 0.0671875 0.0921875
2 0.28203125 0.64375 0.0828125 0.1
2 0.3109375 0.43046875 0.0765625 0.096875
1 0.3390625 0.16015625 0.0875 0.1125
1 0.33515625 0.3328125 0.090625 0.109375
2 0.30078125 0.81328125 0.08125 0.109375
2 0.3421875 0.5875 0.08125 0.109375
0 0.33359375 0.7078125 0.0828125 0.1
0 0.3546875 0.49609375 0.0828125 0.096875
1 0.37890625 0.24453125 0.0875 0.115625
2 0.3921875 0.38359375 0.0734375 0.0984375
0 0.42265625 0.1625 0.0765625 0.09375
0 0.37265625 0.7828125 0.0734375 0.103125
2 0.36484375 0.88671875 0.084375 0.115625
0 0.40078125 0.6265625 0.0734375 0.0953125
1 0.4375 0.3078125 0.09375 0.1171875
0 0.421875 0.5421875 0.0828125 0.1
2 0.4203125 0.71796875 0.0796875 0.1046875
1 0.4421875 0.44921875 0.0875 0.1171875
1 0.49609375 0.15078125 0.09375 0.11875
0 0.5046875 0.253125 0.0828125 0.1
0 0.50078125 0.34921875 0.0765625 0.09375
1 0.4984375 0.53359375 0.0953125 0.11875
2 0.5203125 0.43515625 0.0859375 0.1046875
2 0.496875 0.71484375 0.0859375 0.109375
0 0.4875 0.84140625 0.0875 0.10625
0 0.51875 0.62578125 0.0828125 0.09375
1 0.575 0.12578125 0.0984375 0.1265625
1 0.57421875 0.3125 0.090625 0.1171875
1 0.5796875 0.5625 0.0953125 0.11875
1 0.596875 0.4546875 0.1 0.1265625
2 0.58203125 0.72109375 0.0875 0.1125
1 0.63984375 0.2421875 0.0953125 0.1203125
2 0.59296875 0.821875 0.09375 0.109375
0 0.6421875 0.34296875 0.0828125 0.096875
2 0.665625 0.5640625 0.0875 0.109375
0 0.67421875 0.4703125 0.084375 0.1046875
0 0.66875 0.66328125 0.084375 0.109375
0 0.71015625 0.38515625 0.0828125 0.1
0 0.75234375 0.46875 0.0921875 0.10625