1 0.4234375 0.1625 0.11875 0.0859375
1 0.32109375 0.184375 0.1 0.078125
2 0.58515625 0.19921875 0.1 0.078125
0 0.4921875 0.21015625 0.0984375 0.0734375
2 0.690625 0.225 0.103125 0.0734375
1 0.3890625 0.23515625 0.109375 0.078125
1 0.27265625 0.253125 0.1140625 0.078125
2 0.5734375 0.27734375 0.0984375 0.075
0 0.76328125 0.29296875 0.0921875 0.0625
2 0.6703125 0.29453125 0.0984375 0.078125
2 0.45078125 0.29765625 0.096875 0.0734375
1 0.17421875 0.2921875 0.1109375 0.084375
1 0.34765625 0.31015625 0.109375 0.0859375
2 0.840625 0.334375 0.109375 0.075
2 0.60625 0.34921875 0.109375 0.075
0 0.72890625 0.3546875 0.0984375 0.078125
0 0.51171875 0.34921875 0.096875 0.078125
1 0.25390625 0.34296875 0.1140625 0.084375
2 0.39375 0.37421875 0.096875 0.071875
0 0.16484375 0.37734375 0.09375 0.0734375
0 0.8 0.403125 0.1015625 0.071875
2 0.90546875 0.40859375 0.1140625 0.078125
0 0.6375 0.41328125 0.0953125 0.071875
1 0.3109375 0.41015625 0.115625 0.0875
0 0.55 0.4234375 0.0984375 0.078125
2 0.728125 0.44375 0.103125 0.075
1 0.453125 0.4328125 0.115625 0.084375
1 0.14453125 0.45 0.11875 0.0890625
0 0.246875 0.47109375 0.0984375 0.078125
0 0.3453125 0.4796875 0.09375 0.0734375
1 0.53125 0.49921875 0.115625 0.090625
2 0.42890625 0.51015625 0.103125 0.084375
2 0.715625 0.521875 0.109375 0.08125
0 0.84453125 0.5265625 0.10625 0.084375
0 0.62265625 0.53125 0.09375 0.078125
1 0.11015625 0.5265625 0.1234375 0.0953125
1 0.2984375 0.54921875 0.115625 0.0859375
1 0.55078125 0.5859375 0.115625 0.090625
1 0.4390625 0.5890625 0.1234375 0.0984375
2 0.7109375 0.60859375 0.1109375 0.084375
1 0.21953125 0.6078125 0.11875 0.0921875
2 0.81171875 0.63125 0.109375 0.0890625
0 0.3203125 0.621875 0.096875 0.078125
2 0.54140625 0.67265625 0.109375 0.084375
0 0.44609375 0.6703125 0.103125 0.08125
0 0.6421875 0.68828125 0.109375 0.078125
0 0.3546875 0.69609375 0.0984375 0.078125
0 0.43515625 0.74921875 0.10625 0.0875