1 0.1734375 0.53984375 0.09375 0.121875
1 0.18359375 0.640625 0.084375 0.103125
2 0.2234375 0.38828125 0.084375 0.103125
0 0.22578125 0.47890625 0.08125 0.1015625
2 0.26015625 0.28984375 0.08125 0.10625
1 0.23828125 0.58046875 0.0859375 0.1109375
1 0.24453125 0.69453125 0.0859375 0.115625
2 0.2984375 0.4078125 0.0828125 0.1015625
0 0.3328125 0.2265625 0.0703125 0.0953125
2 0.325 0.315625 0.084375 0.1015625
2 0.30546875 0.528125 0.08125 0.1
1 0.27265625 0.79296875 0.0921875 0.1140625
1 0.30703125 0.62734375 0.0953125 0.1125
2 0.38046875 0.15703125 0.084375 0.1109375
2 0.3703125 0.38359375 0.084375 0.1109375
0 0.38828125 0.265625 0.084375 0.1015625
0 0.36171875 0.47421875 0.084375 0.1
1 0.32890625 0.72109375 0.0921875 0.115625
2 0.3734375 0.590625 0.078125 0.1
0 0.35390625 0.81015625 0.0796875 0.096875
0 0.4421875 0.20234375 0.078125 0.1046875
2 0.4578125 0.10234375 0.0859375 0.115625
0 0.43515625 0.36015625 0.078125 0.0984375
1 0.4 0.6734375 0.096875 0.1203125
0 0.43671875 0.44453125 0.084375 0.1015625
2 0.47421875 0.27578125 0.0828125 0.10625
1 0.43515625 0.5390625 0.0921875 0.11875
1 0.42109375 0.83671875 0.0984375 0.1234375
0 0.45078125 0.740625 0.084375 0.1015625
0 0.46953125 0.64765625 0.0796875 0.096875
1 0.5078125 0.4703125 0.0984375 0.1203125
2 0.5078125 0.56953125 0.090625 0.10625
2 0.546875 0.29609375 0.0890625 0.1109375
0 0.565625 0.17265625 0.090625 0.109375
0 0.54765625 0.38671875 0.0828125 0.096875
1 0.490625 0.87890625 0.103125 0.1265625
1 0.53203125 0.69921875 0.0953125 0.1203125
1 0.5921875 0.46015625 0.0984375 0.1203125
1 0.58515625 0.56796875 0.10625 0.1265625
2 0.6296875 0.30859375 0.0921875 0.1140625
1 0.5796875 0.78125 0.0984375 0.1234375
2 0.6625 0.2140625 0.096875 0.1125
0 0.60390625 0.68515625 0.084375 0.1
2 0.67421875 0.478125 0.0921875 0.1109375
0 0.66328125 0.56953125 0.0875 0.10625
0 0.7 0.38359375 0.0859375 0.1109375
0 0.67890625 0.66015625 0.084375 0.1015625
0 0.7375 0.58828125 0.0953125 0.1109375