1 0.546875 0.17578125 0.1203125 0.0890625
1 0.64765625 0.18984375 0.103125 0.0828125
2 0.39375 0.221875 0.103125 0.0828125
0 0.48359375 0.2265625 0.1 0.078125
2 0.29296875 0.2546875 0.103125 0.078125
1 0.5859375 0.24375 0.1109375 0.084375
1 0.69921875 0.25390625 0.1140625 0.084375
2 0.41015625 0.29765625 0.1 0.08125
0 0.2265625 0.325 0.09375 0.06875
2 0.3171875 0.3203125 0.1015625 0.0828125
2 0.53046875 0.30859375 0.096875 0.078125
1 0.796875 0.28515625 0.1125 0.0890625
1 0.6296875 0.31328125 0.1109375 0.0921875
2 0.15546875 0.3703125 0.109375 0.0828125
2 0.38359375 0.36875 0.109375 0.0828125
0 0.26484375 0.3828125 0.1015625 0.0828125
0 0.47421875 0.3625 0.0984375 0.0828125
1 0.7234375 0.3390625 0.1140625 0.0890625
2 0.58984375 0.37890625 0.1 0.075
0 0.81171875 0.36640625 0.09375 0.078125
0 0.1984375 0.43515625 0.103125 0.075
2 0.096875 0.446875 0.1140625 0.084375
0 0.35703125 0.4328125 0.096875 0.075
1 0.6734375 0.4078125 0.1171875 0.09375
0 0.44140625 0.4375 0.1015625 0.0828125
2 0.27109375 0.46875 0.103125 0.08125
1 0.53671875 0.43984375 0.1171875 0.0890625
1 0.83671875 0.4359375 0.1203125 0.09375
0 0.7390625 0.4625 0.1015625 0.0828125
0 0.64453125 0.478125 0.09375 0.078125
1 0.465625 0.51015625 0.1171875 0.0953125
2 0.56484375 0.5125 0.1046875 0.0875
2 0.28828125 0.54375 0.1109375 0.0859375
0 0.16328125 0.55703125 0.1078125 0.0875
0 0.3796875 0.546875 0.0953125 0.0828125
1 0.8765625 0.50703125 0.125 0.1
1 0.69453125 0.5421875 0.1171875 0.0921875
1 0.45234375 0.59453125 0.1171875 0.0953125
1 0.5609375 0.58984375 0.1265625 0.103125
2 0.29921875 0.6265625 0.1125 0.0890625
1 0.77421875 0.59296875 0.1203125 0.0953125
2 0.20234375 0.65625 0.1109375 0.09375
0 0.678125 0.6140625 0.0984375 0.0828125
2 0.4671875 0.678125 0.1109375 0.0890625
0 0.559375 0.66875 0.1046875 0.084375
0 0.371875 0.7 0.1109375 0.084375
0 0.64921875 0.6875 0.1015625 0.0828125
0 0.57578125 0.7453125 0.1078125 0.0921875