1 0.82734375 0.45234375 0.0890625 0.1203125
1 0.8125 0.35078125 0.084375 0.1046875
2 0.78125 0.60703125 0.084375 0.1046875
0 0.77578125 0.51640625 0.078125 0.1
2 0.7484375 0.709375 0.078125 0.1046875
1 0.75859375 0.41328125 0.0859375 0.1109375
1 0.74921875 0.2984375 0.0859375 0.1171875
2 0.7046875 0.590625 0.08125 0.1
0 0.6765625 0.7765625 0.06875 0.09375
2 0.68125 0.684375 0.084375 0.1015625
2 0.69375 0.46953125 0.078125 0.096875
1 0.7171875 0.2 0.0890625 0.1140625
1 0.68828125 0.36875 0.0921875 0.1109375
2 0.63046875 0.8484375 0.0828125 0.109375
2 0.63203125 0.61796875 0.0828125 0.109375
0 0.61875 0.73828125 0.084375 0.1015625
0 0.6390625 0.52578125 0.084375 0.0984375
1 0.6625 0.27421875 0.0890625 0.1171875
2 0.621875 0.409375 0.075 0.1
0 0.634375 0.18515625 0.078125 0.09375
0 0.56640625 0.80390625 0.075 0.1046875
2 0.55390625 0.90703125 0.0859375 0.1171875
0 0.56796875 0.64453125 0.075 0.096875
1 0.59296875 0.325 0.0953125 0.11875
0 0.56328125 0.55859375 0.084375 0.1015625
2 0.53125 0.73125 0.08125 0.1046875
1 0.5609375 0.46328125 0.0890625 0.11875
1 0.565625 0.16015625 0.0953125 0.1203125
0 0.53828125 0.25859375 0.084375 0.1015625
0 0.52265625 0.35390625 0.078125 0.09375
1 0.48984375 0.53515625 0.096875 0.11875
2 0.4875 0.434375 0.0875 0.10625
2 0.45625 0.71328125 0.0875 0.1109375
0 0.4421875 0.83984375 0.0875 0.1078125
0 0.45234375 0.621875 0.084375 0.0953125
1 0.49296875 0.1203125 0.1 0.1265625
1 0.4578125 0.30390625 0.0921875 0.11875
1 0.4046875 0.5484375 0.096875 0.11875
1 0.40859375 0.43828125 0.103125 0.128125
2 0.371875 0.703125 0.0890625 0.1140625
1 0.40625 0.2234375 0.096875 0.1203125
2 0.3421875 0.80078125 0.0953125 0.1109375
0 0.38515625 0.3203125 0.084375 0.0984375
2 0.3203125 0.5328125 0.0890625 0.1109375
0 0.3296875 0.43984375 0.0859375 0.10625
0 0.29765625 0.6296875 0.0859375 0.1109375
0 0.31015625 0.34921875 0.084375 0.1015625
0 0.253125 0.42265625 0.09375 0.1078125