1 0.1828125 0.38359375 0.09375 0.1234375
1 0.21953125 0.28671875 0.0859375 0.1046875
2 0.19296875 0.54609375 0.0859375 0.1046875
0 0.21875 0.4578125 0.0796875 0.1015625
2 0.2015625 0.653125 0.08125 0.1078125
1 0.25703125 0.3609375 0.0875 0.1109375
1 0.29375 0.25 0.0875 0.1171875
2 0.27109375 0.546875 0.0828125 0.1015625
0 0.25703125 0.734375 0.0703125 0.0953125
2 0.27265625 0.64453125 0.0859375 0.1015625
2 0.309375 0.43046875 0.0796875 0.0984375
1 0.346875 0.1609375 0.090625 0.115625
1 0.3375 0.3328125 0.0953125 0.1125
2 0.2859375 0.815625 0.084375 0.1109375
2 0.3359375 0.5890625 0.084375 0.1109375
0 0.321875 0.71015625 0.0859375 0.1015625
0 0.35078125 0.4984375 0.0859375 0.0984375
1 0.38359375 0.24609375 0.090625 0.11875
2 0.39296875 0.38671875 0.078125 0.1015625
0 0.43203125 0.16484375 0.08125 0.096875
0 0.35859375 0.7875 0.078125 0.1078125
2 0.34765625 0.890625 0.0875 0.1171875
0 0.39296875 0.63046875 0.078125 0.0984375
1 0.440625 0.31171875 0.096875 0.121875
0 0.4171875 0.54765625 0.0859375 0.1015625
2 0.40859375 0.7234375 0.0828125 0.1078125
1 0.44140625 0.45390625 0.090625 0.121875
1 0.5046875 0.15625 0.096875 0.1234375
0 0.51015625 0.259375 0.0859375 0.1015625
0 0.503125 0.35546875 0.0796875 0.096875
1 0.49375 0.53984375 0.1 0.121875
2 0.51953125 0.44296875 0.0890625 0.109375
2 0.4859375 0.72265625 0.0890625 0.1109375
0 0.471875 0.84921875 0.0921875 0.1109375
0 0.5109375 0.63359375 0.0859375 0.096875
1 0.58515625 0.134375 0.103125 0.128125
1 0.578125 0.32109375 0.09375 0.121875
1 0.57421875 0.57265625 0.1 0.121875
1 0.5953125 0.46484375 0.1046875 0.1296875
2 0.57109375 0.73203125 0.090625 0.115625
1 0.64609375 0.253125 0.1 0.1234375
2 0.57890625 0.83359375 0.096875 0.1125
0 0.6453125 0.35390625 0.0859375 0.0984375
2 0.66015625 0.57734375 0.090625 0.1125
0 0.67265625 0.48359375 0.0875 0.1078125
0 0.66015625 0.67734375 0.0875 0.1109375
0 0.71171875 0.3984375 0.0859375 0.1015625
0 0.7515625 0.484375 0.096875 0.1109375