1 0.521875 0.1953125 0.1234375 0.096875
0 0.62890625 0.203125 0.1 0.078125
2 0.3625 0.2546875 0.1125 0.090625
0 0.45546875 0.25625 0.115625 0.090625
2 0.259375 0.29921875 0.1140625 0.0859375
1 0.5703125 0.26484375 0.1234375 0.0984375
1 0.69296875 0.26796875 0.125 0.09375
2 0.3828125 0.3359375 0.1140625 0.090625
1 0.80078125 0.29140625 0.134375 0.109375
0 0.1953125 0.3765625 0.103125 0.0875
2 0.28671875 0.36875 0.109375 0.090625
2 0.5140625 0.33828125 0.109375 0.084375
1 0.62109375 0.33359375 0.128125 0.103125
2 0.125 0.434375 0.121875 0.0921875
1 0.72421875 0.3578125 0.1265625 0.1078125
0 0.46328125 0.39921875 0.1125 0.090625
2 0.365625 0.41484375 0.125 0.09375
0 0.24296875 0.440625 0.109375 0.0890625
2 0.578125 0.40703125 0.103125 0.0890625
0 0.825 0.38359375 0.109375 0.0875
0 0.1734375 0.49453125 0.103125 0.084375
2 0.06875 0.515625 0.121875 0.09375
1 0.678125 0.4359375 0.1265625 0.1078125
0 0.33515625 0.48984375 0.109375 0.0890625
0 0.4328125 0.4890625 0.109375 0.0890625
1 0.53359375 0.4796875 0.1234375 0.096875
2 0.25546875 0.52890625 0.1203125 0.0953125
1 0.853125 0.44765625 0.128125 0.103125
0 0.75546875 0.490625 0.1140625 0.0921875
0 0.65390625 0.5109375 0.1015625 0.0875
1 0.4640625 0.559375 0.1234375 0.1015625
2 0.5734375 0.5546875 0.1203125 0.0953125
2 0.27734375 0.60234375 0.121875 0.09375
0 0.1515625 0.62890625 0.109375 0.0890625
1 0.903125 0.52890625 0.1390625 0.109375
0 0.37890625 0.60703125 0.1125 0.090625
1 0.71171875 0.57578125 0.128125 0.103125
1 0.57578125 0.6359375 0.128125 0.1078125
1 0.459375 0.65078125 0.1296875 0.109375
2 0.296875 0.68828125 0.1171875 0.0953125
1 0.8015625 0.62890625 0.134375 0.109375
0 0.69609375 0.6578125 0.1140625 0.090625
2 0.19921875 0.73359375 0.121875 0.10625
2 0.478125 0.73359375 0.1234375 0.0984375
0 0.584375 0.721875 0.109375 0.090625
0 0.38046875 0.76796875 0.1140625 0.0984375
0 0.67578125 0.73828125 0.115625 0.090625
0 0.6078125 0.80078125 0.115625 0.0984375