1 0.57734375 0.88046875 0.121875 0.090625
0 0.68828125 0.86015625 0.1 0.0734375
2 0.40546875 0.83671875 0.109375 0.084375
0 0.50234375 0.8234375 0.115625 0.084375
2 0.29375 0.80078125 0.109375 0.078125
1 0.62109375 0.803125 0.121875 0.09375
1 0.74765625 0.78515625 0.1234375 0.0875
2 0.41796875 0.74921875 0.1125 0.084375
1 0.8578125 0.74765625 0.13125 0.1015625
0 0.21796875 0.72578125 0.103125 0.078125
2 0.315625 0.725 0.1046875 0.0859375
2 0.5546875 0.73203125 0.10625 0.078125
1 0.665625 0.72578125 0.125 0.0953125
2 0.13828125 0.675 0.121875 0.0859375
1 0.7703125 0.68828125 0.1234375 0.1015625
0 0.49375 0.6734375 0.109375 0.084375
2 0.390625 0.66875 0.1234375 0.0875
0 0.2609375 0.6546875 0.10625 0.084375
2 0.61328125 0.65390625 0.103125 0.084375
0 0.8734375 0.65078125 0.10625 0.08125
0 0.18203125 0.60703125 0.103125 0.078125
2 0.07109375 0.59609375 0.121875 0.0875
1 0.7140625 0.61171875 0.1234375 0.1015625
0 0.35078125 0.59375 0.10625 0.084375
0 0.453125 0.584375 0.10625 0.084375
1 0.55859375 0.5828125 0.121875 0.090625
2 0.2640625 0.56171875 0.11875 0.090625
1 0.89609375 0.58125 0.125 0.0953125
0 0.78828125 0.54765625 0.1125 0.084375
0 0.68046875 0.53671875 0.1 0.08125
1 0.47890625 0.50703125 0.121875 0.0953125
2 0.5921875 0.50078125 0.11875 0.090625
2 0.27890625 0.4828125 0.121875 0.0875
0 0.14375 0.46875 0.10625 0.084375
1 0.93515625 0.48984375 0.1296875 0.1015625
0 0.3828125 0.46640625 0.109375 0.084375
1 0.734375 0.4625 0.125 0.0953125
1 0.5859375 0.41484375 0.125 0.1015625
1 0.46328125 0.41171875 0.125 0.1046875
2 0.28984375 0.39140625 0.115625 0.0890625
1 0.821875 0.39609375 0.13125 0.1015625
0 0.709375 0.37890625 0.1125 0.084375
2 0.1828125 0.35546875 0.11875 0.1015625
2 0.47421875 0.32421875 0.121875 0.0921875
0 0.58515625 0.325 0.10625 0.0859375
0 0.36796875 0.2984375 0.109375 0.090625
0 0.678125 0.29765625 0.115625 0.084375
0 0.603125 0.23984375 0.109375 0.090625