1 0.81796875 0.46171875 0.0890625 0.1171875
0 0.80703125 0.35859375 0.0734375 0.09375
2 0.7671875 0.6171875 0.084375 0.10625
0 0.76171875 0.52734375 0.0859375 0.1109375
2 0.7265625 0.71796875 0.078125 0.10625
1 0.75 0.4171875 0.0921875 0.1171875
1 0.74296875 0.29921875 0.0875 0.11875
2 0.6875 0.6 0.084375 0.1078125
1 0.71640625 0.19609375 0.103125 0.128125
0 0.6546875 0.7828125 0.08125 0.0984375
2 0.659375 0.69375 0.0859375 0.1046875
2 0.68125 0.4734375 0.078125 0.103125
1 0.68203125 0.3703125 0.0953125 0.1203125
2 0.60234375 0.85234375 0.0859375 0.1171875
1 0.65546875 0.271875 0.0984375 0.11875
0 0.6234375 0.52578125 0.084375 0.10625
2 0.6125 0.61953125 0.0875 0.11875
0 0.59140625 0.7390625 0.084375 0.1046875
2 0.6125 0.41328125 0.084375 0.0984375
0 0.6265625 0.17578125 0.08125 0.103125
0 0.5421875 0.8078125 0.078125 0.096875
2 0.525 0.90859375 0.0875 0.1171875
1 0.58125 0.31953125 0.0984375 0.11875
0 0.54140625 0.65234375 0.084375 0.1046875
0 0.5390625 0.5578125 0.084375 0.1046875
1 0.54375 0.46015625 0.0890625 0.1171875
2 0.50546875 0.7296875 0.0890625 0.1140625
1 0.5640625 0.15 0.0953125 0.1203125
0 0.525 0.246875 0.0859375 0.1078125
0 0.51015625 0.34453125 0.08125 0.0953125
1 0.46953125 0.52890625 0.0953125 0.1171875
2 0.47109375 0.42421875 0.0890625 0.1140625
2 0.434375 0.7109375 0.0875 0.1171875
0 0.41328125 0.834375 0.084375 0.1046875
1 0.484375 0.1046875 0.1 0.13125
0 0.42578125 0.61328125 0.084375 0.10625
1 0.4453125 0.290625 0.0953125 0.1203125
1 0.39140625 0.42421875 0.0984375 0.1203125
1 0.38046875 0.53671875 0.1015625 0.121875
2 0.35078125 0.69453125 0.0890625 0.1109375
1 0.39140625 0.20625 0.103125 0.128125
0 0.3671875 0.309375 0.084375 0.1078125
2 0.3109375 0.79140625 0.0984375 0.1140625
2 0.30078125 0.52109375 0.0921875 0.1171875
0 0.30859375 0.41953125 0.0859375 0.1046875
0 0.27109375 0.6171875 0.090625 0.10625
0 0.28984375 0.33203125 0.0859375 0.1109375
0 0.23203125 0.3984375 0.090625 0.1078125