1 0.59375 0.80859375 0.1140625 0.084375
0 0.69609375 0.78203125 0.0921875 0.06875
2 0.42890625 0.77890625 0.103125 0.078125
0 0.51953125 0.76015625 0.109375 0.078125
2 0.32109375 0.75234375 0.10625 0.0734375
1 0.62890625 0.7328125 0.1140625 0.0859375
1 0.74765625 0.70859375 0.115625 0.08125
2 0.43515625 0.69609375 0.10625 0.078125
1 0.84765625 0.66796875 0.1234375 0.0984375
0 0.24609375 0.68828125 0.096875 0.075
2 0.33671875 0.68046875 0.1 0.08125
2 0.5625 0.67109375 0.1 0.0734375
1 0.66640625 0.6578125 0.11875 0.0890625
2 0.16796875 0.64453125 0.1140625 0.078125
1 0.76171875 0.61640625 0.115625 0.09375
0 0.5015625 0.6203125 0.103125 0.078125
2 0.4046875 0.62265625 0.115625 0.08125
0 0.28125 0.61875 0.1 0.078125
2 0.6125 0.59375 0.096875 0.078125
0 0.85625 0.57421875 0.1 0.075
0 0.2046875 0.578125 0.096875 0.0734375
2 0.1 0.57578125 0.1140625 0.08125
1 0.70390625 0.5484375 0.115625 0.09375
0 0.3625 0.5546875 0.1 0.078125
0 0.4578125 0.5390625 0.1 0.078125
1 0.55625 0.53046875 0.1140625 0.084375
2 0.278125 0.53046875 0.1109375 0.084375
1 0.87265625 0.50703125 0.11875 0.0890625
0 0.76953125 0.48203125 0.10625 0.08125
0 0.6671875 0.48046875 0.09375 0.075
1 0.47578125 0.465625 0.1140625 0.0875
2 0.5828125 0.4515625 0.1109375 0.084375
2 0.2875 0.45546875 0.1140625 0.08125
0 0.16015625 0.4515625 0.1 0.078125
1 0.90703125 0.4203125 0.128125 0.0953125
0 0.384375 0.43359375 0.103125 0.078125
1 0.71328125 0.40703125 0.11875 0.0890625
1 0.5703125 0.371875 0.11875 0.0953125
1 0.45546875 0.37734375 0.11875 0.0984375
2 0.29140625 0.36875 0.109375 0.084375
1 0.790625 0.340625 0.1234375 0.0984375
0 0.684375 0.33046875 0.10625 0.078125
2 0.1890625 0.34296875 0.1109375 0.09375
2 0.46015625 0.29453125 0.1140625 0.0859375
0 0.56484375 0.2875 0.1 0.08125
0 0.359375 0.27734375 0.103125 0.0859375
0 0.65 0.25546875 0.109375 0.078125
0 0.57421875 0.20703125 0.10625 0.0859375