1 0.5140625 0.8125 0.11875 0.0953125
0 0.615625 0.80859375 0.096875 0.0765625
2 0.3640625 0.75234375 0.1078125 0.0875
0 0.453125 0.75234375 0.1125 0.0890625
2 0.26953125 0.70625 0.1078125 0.084375
1 0.5625 0.74921875 0.11875 0.0984375
1 0.67890625 0.75 0.1203125 0.0921875
2 0.38671875 0.67421875 0.1109375 0.0875
1 0.78203125 0.7296875 0.1296875 0.10625
0 0.21015625 0.62890625 0.1015625 0.0828125
2 0.29765625 0.640625 0.103125 0.090625
2 0.51171875 0.67734375 0.1046875 0.084375
1 0.6125 0.68515625 0.125 0.1015625
2 0.14453125 0.57265625 0.1171875 0.090625
1 0.7109375 0.665625 0.1234375 0.1046875
0 0.4640625 0.61640625 0.1078125 0.0875
2 0.37265625 0.6 0.1203125 0.0921875
0 0.2578125 0.5703125 0.1046875 0.0875
2 0.575 0.6140625 0.1015625 0.0859375
0 0.80859375 0.64375 0.1046875 0.0859375
0 0.1921875 0.5171875 0.1015625 0.0828125
2 0.09453125 0.49375 0.1171875 0.0921875
1 0.6703125 0.58984375 0.1234375 0.1046875
0 0.34609375 0.5265625 0.1046875 0.0875
0 0.4390625 0.53125 0.1046875 0.0875
1 0.534375 0.54296875 0.11875 0.0953125
2 0.27265625 0.48671875 0.1171875 0.0953125
1 0.8375 0.584375 0.125 0.1015625
0 0.7453125 0.540625 0.1109375 0.0875
0 0.65 0.51796875 0.0984375 0.084375
1 0.471875 0.465625 0.11875 0.1
2 0.575 0.4734375 0.1171875 0.0953125
2 0.29453125 0.41875 0.1171875 0.0921875
0 0.17578125 0.3890625 0.1046875 0.0875
1 0.88828125 0.50859375 0.1359375 0.1078125
0 0.39140625 0.41640625 0.1078125 0.0875
1 0.70703125 0.4578125 0.125 0.1015625
1 0.58046875 0.39609375 0.1265625 0.10625
1 0.4703125 0.37734375 0.1265625 0.109375
2 0.3171875 0.33671875 0.1140625 0.0953125
1 0.79453125 0.409375 0.1296875 0.10625
0 0.6953125 0.37890625 0.1109375 0.0875
2 0.225 0.29140625 0.11875 0.1046875
2 0.490625 0.3 0.11875 0.0984375
0 0.590625 0.315625 0.1046875 0.090625
0 0.3984375 0.2640625 0.109375 0.096875
0 0.67734375 0.30234375 0.1125 0.0890625
0 0.6171875 0.240625 0.109375 0.096875