1 0.51796875 0.11953125 0.1296875 0.1015625
0 0.40546875 0.12890625 0.10625 0.08125
2 0.6859375 0.18125 0.11875 0.0953125
0 0.5875 0.184375 0.1234375 0.096875
2 0.79296875 0.22890625 0.1171875 0.0890625
1 0.4671875 0.1921875 0.1296875 0.1046875
1 0.3375 0.19609375 0.1328125 0.1
2 0.6640625 0.26796875 0.1203125 0.0953125
1 0.22421875 0.221875 0.140625 0.1140625
0 0.86171875 0.31171875 0.109375 0.0875
2 0.7640625 0.30234375 0.1140625 0.0984375
2 0.525 0.2703125 0.1140625 0.0890625
1 0.4140625 0.265625 0.134375 0.10625
2 0.9359375 0.37109375 0.128125 0.096875
1 0.30546875 0.290625 0.134375 0.1125
0 0.5796875 0.334375 0.11875 0.0953125
2 0.6828125 0.35078125 0.1328125 0.1
0 0.81171875 0.378125 0.115625 0.0953125
2 0.45859375 0.3421875 0.1109375 0.09375
0 0.1984375 0.31796875 0.1140625 0.0921875
0 0.88515625 0.43515625 0.109375 0.0875
2 0.96484375 0.453125 0.0703125 0.09375
1 0.35390625 0.3734375 0.134375 0.1125
0 0.71484375 0.4296875 0.115625 0.0953125
0 0.61171875 0.42890625 0.115625 0.0953125
1 0.50546875 0.41953125 0.1296875 0.1015625
2 0.7984375 0.471875 0.1265625 0.1015625
1 0.16875 0.3859375 0.134375 0.10625
0 0.27265625 0.43046875 0.1203125 0.0953125
0 0.37890625 0.4515625 0.10625 0.090625
1 0.578125 0.503125 0.1296875 0.10625
2 0.4640625 0.49765625 0.1265625 0.1015625
2 0.77578125 0.5484375 0.1296875 0.1
0 0.90859375 0.5765625 0.115625 0.0953125
1 0.115625 0.4703125 0.146875 0.1140625
0 0.66953125 0.55390625 0.11875 0.0953125
1 0.31796875 0.5203125 0.134375 0.10625
1 0.4609375 0.584375 0.1359375 0.1125
1 0.58359375 0.6 0.1359375 0.115625
2 0.7546875 0.6390625 0.1234375 0.1
1 0.2234375 0.578125 0.140625 0.1140625
0 0.334375 0.60703125 0.1203125 0.0953125
2 0.8578125 0.6859375 0.128125 0.1125
2 0.5640625 0.68671875 0.1296875 0.1046875
0 0.45234375 0.67421875 0.115625 0.0984375
0 0.66640625 0.72265625 0.11875 0.103125
0 0.35625 0.69140625 0.1234375 0.096875
0 0.42578125 0.75703125 0.11875 0.103125