1 0.125 0.5546875 0.0921875 0.121875
0 0.14609375 0.6671875 0.0734375 0.1015625
2 0.16953125 0.3796875 0.084375 0.1125
0 0.1828125 0.478125 0.0859375 0.1171875
2 0.20625 0.265625 0.078125 0.115625
1 0.20390625 0.5984375 0.0953125 0.121875
1 0.221875 0.728125 0.0890625 0.125
2 0.259375 0.3921875 0.084375 0.115625
1 0.25859375 0.8390625 0.1046875 0.134375
0 0.28125 0.1890625 0.08125 0.103125
2 0.2828125 0.28671875 0.0875 0.109375
2 0.27578125 0.53125 0.078125 0.109375
1 0.2828125 0.64453125 0.096875 0.128125
2 0.33359375 0.1078125 0.0859375 0.121875
1 0.3203125 0.75078125 0.1015625 0.125
0 0.33515625 0.4703125 0.084375 0.1125
2 0.340625 0.365625 0.0890625 0.125
0 0.3546875 0.23203125 0.084375 0.109375
2 0.35546875 0.59140625 0.084375 0.103125
0 0.35859375 0.85546875 0.08125 0.109375
0 0.403125 0.15234375 0.078125 0.103125
2 0.4140625 0.05078125 0.0875 0.1015625
1 0.39765625 0.69375 0.1015625 0.125
0 0.41640625 0.32421875 0.084375 0.109375
0 0.4265625 0.428125 0.084375 0.109375
1 0.428125 0.5359375 0.0921875 0.121875
2 0.44921875 0.2359375 0.0921875 0.1203125
1 0.4296875 0.878125 0.096875 0.128125
0 0.46484375 0.76953125 0.0875 0.115625
0 0.47421875 0.659375 0.08125 0.1
1 0.50390625 0.45390625 0.096875 0.121875
2 0.5109375 0.5703125 0.0921875 0.1203125
2 0.52890625 0.25078125 0.0890625 0.121875
0 0.54296875 0.1140625 0.084375 0.109375
1 0.5203125 0.921875 0.1015625 0.1390625
0 0.5453125 0.3578125 0.084375 0.1125
1 0.54921875 0.71328125 0.096875 0.128125
1 0.5984375 0.56328125 0.1015625 0.128125
1 0.6015625 0.43828125 0.1046875 0.128125
2 0.62265625 0.26171875 0.0921875 0.1171875
1 0.61640625 0.803125 0.1046875 0.134375
0 0.63515625 0.68828125 0.084375 0.115625
2 0.659375 0.15390625 0.1015625 0.1203125
2 0.690625 0.44921875 0.0953125 0.121875
0 0.6890625 0.5625 0.0875 0.109375
0 0.71640625 0.3421875 0.09375 0.1125
0 0.7171875 0.65703125 0.0859375 0.1171875
0 0.7765625 0.57890625 0.09375 0.115625