1 0.55859375 0.834375 0.11875 0.090625
0 0.66484375 0.82109375 0.096875 0.0734375
2 0.3953125 0.784375 0.109375 0.0859375
0 0.48828125 0.7765625 0.1140625 0.0859375
2 0.28984375 0.74453125 0.1125 0.08125
1 0.603125 0.7625 0.11875 0.09375
1 0.7265625 0.75234375 0.121875 0.0890625
2 0.41171875 0.70078125 0.1125 0.0859375
1 0.83359375 0.7234375 0.13125 0.1046875
0 0.221875 0.6703125 0.1 0.0828125
2 0.3140625 0.67265625 0.10625 0.0875
2 0.54375 0.6921875 0.10625 0.0796875
1 0.65 0.690625 0.1265625 0.096875
2 0.146875 0.615625 0.11875 0.0859375
1 0.75234375 0.6609375 0.1234375 0.1015625
0 0.48828125 0.6328125 0.109375 0.0859375
2 0.390625 0.62265625 0.121875 0.0890625
0 0.265625 0.603125 0.10625 0.084375
2 0.60390625 0.61953125 0.1 0.084375
0 0.85234375 0.6296875 0.10625 0.0828125
0 0.19296875 0.553125 0.1 0.0796875
2 0.0875 0.5375 0.11875 0.0890625
1 0.70234375 0.584375 0.1234375 0.1015625
0 0.35546875 0.54921875 0.10625 0.084375
0 0.45390625 0.54453125 0.10625 0.084375
1 0.5546875 0.5484375 0.11875 0.090625
2 0.2734375 0.5140625 0.115625 0.090625
1 0.878125 0.56328125 0.1265625 0.096875
0 0.7765625 0.52578125 0.1125 0.0890625
0 0.67421875 0.5109375 0.0984375 0.0828125
1 0.48203125 0.47265625 0.1203125 0.096875
2 0.59140625 0.471875 0.115625 0.090625
2 0.2921875 0.4390625 0.11875 0.0890625
0 0.16328125 0.41875 0.10625 0.084375
1 0.9234375 0.48046875 0.1359375 0.103125
0 0.39296875 0.42890625 0.109375 0.0859375
1 0.72890625 0.44296875 0.1265625 0.096875
1 0.58984375 0.3890625 0.1265625 0.1015625
1 0.471875 0.38046875 0.1265625 0.103125
2 0.30703125 0.35234375 0.1140625 0.090625
1 0.81640625 0.38515625 0.13125 0.1046875
0 0.70859375 0.36171875 0.1125 0.0859375
2 0.20703125 0.31171875 0.1171875 0.1015625
2 0.4875 0.296875 0.11875 0.09375
0 0.59296875 0.303125 0.10625 0.0875
0 0.3859375 0.2671875 0.109375 0.09375
0 0.68359375 0.28125 0.1140625 0.0859375
0 0.6125 0.22265625 0.1125 0.09375