1 0.80390625 0.578125 0.084375 0.115625
0 0.784375 0.68359375 0.06875 0.09375
2 0.7625 0.4140625 0.0796875 0.10625
0 0.75078125 0.50703125 0.0796875 0.109375
2 0.728125 0.30703125 0.075 0.1078125
1 0.73046875 0.61953125 0.0875 0.115625
1 0.7140625 0.74140625 0.0828125 0.11875
2 0.67890625 0.42578125 0.0796875 0.1078125
1 0.6796875 0.84609375 0.0984375 0.125
0 0.6578125 0.2359375 0.078125 0.096875
2 0.65546875 0.32734375 0.08125 0.103125
2 0.66328125 0.55703125 0.075 0.103125
1 0.65625 0.66328125 0.0921875 0.1203125
2 0.6078125 0.159375 0.0796875 0.115625
1 0.621875 0.7625 0.096875 0.11875
0 0.60703125 0.4984375 0.0796875 0.10625
2 0.603125 0.40078125 0.0828125 0.11875
0 0.5890625 0.2765625 0.0796875 0.103125
2 0.58828125 0.61328125 0.0796875 0.096875
0 0.58515625 0.86015625 0.078125 0.103125
0 0.54375 0.2015625 0.075 0.096875
2 0.5328125 0.0953125 0.08125 0.115625
1 0.54765625 0.70859375 0.096875 0.11875
0 0.53125 0.3625 0.0796875 0.103125
0 0.52109375 0.459375 0.0796875 0.103125
1 0.5203125 0.56015625 0.084375 0.115625
2 0.5 0.2796875 0.084375 0.1125
1 0.51875 0.88203125 0.0921875 0.1203125
0 0.4859375 0.78046875 0.08125 0.1078125
0 0.4765625 0.6765625 0.078125 0.0953125
1 0.4484375 0.48359375 0.090625 0.115625
2 0.4421875 0.59296875 0.084375 0.1125
2 0.425 0.29296875 0.08125 0.115625
0 0.41171875 0.16484375 0.0796875 0.103125
1 0.43359375 0.9234375 0.096875 0.13125
0 0.409375 0.39375 0.0796875 0.10625
1 0.40546875 0.72734375 0.0921875 0.1203125
1 0.36015625 0.5859375 0.096875 0.1203125
1 0.3578125 0.46875 0.0984375 0.1203125
2 0.3375 0.30390625 0.084375 0.109375
1 0.34375 0.81171875 0.0984375 0.125
0 0.32578125 0.70390625 0.0796875 0.1078125
2 0.30390625 0.20234375 0.0953125 0.1125
2 0.2734375 0.4796875 0.0875 0.115625
0 0.275 0.5859375 0.08125 0.103125
0 0.24921875 0.378125 0.0875 0.10625
0 0.2484375 0.67421875 0.0796875 0.109375
0 0.19296875 0.6015625 0.0875 0.1078125