0 0.51875 0.24921875 0.090625 0.05
1 0.62109375 0.2578125 0.1109375 0.05625
1 0.3234375 0.265625 0.1078125 0.0609375
1 0.42265625 0.2703125 0.1046875 0.053125
1 0.534375 0.29140625 0.1140625 0.05625
0 0.64296875 0.30703125 0.0953125 0.053125
2 0.7390625 0.32421875 0.1015625 0.053125
0 0.234375 0.30703125 0.0953125 0.05625
1 0.440625 0.3171875 0.1171875 0.0625
1 0.3265625 0.31328125 0.1203125 0.0625
2 0.5328125 0.34609375 0.1078125 0.0609375
1 0.14921875 0.340625 0.1171875 0.0734375
2 0.665625 0.36796875 0.1078125 0.0625
2 0.82109375 0.37734375 0.10625 0.065625
2 0.421875 0.37109375 0.1140625 0.0609375
1 0.31328125 0.37109375 0.1171875 0.0671875
1 0.05234375 0.378125 0.1 0.0734375
0 0.54609375 0.396875 0.1015625 0.0609375
0 0.2 0.38671875 0.10625 0.0578125
2 0.7453125 0.415625 0.1203125 0.0640625
2 0.63359375 0.42578125 0.121875 0.0734375
0 0.271875 0.42421875 0.10625 0.065625
1 0.41328125 0.42890625 0.1234375 0.078125
0 0.853125 0.446875 0.121875 0.0671875
0 0.51328125 0.45859375 0.1140625 0.065625
1 0.1640625 0.4515625 0.1234375 0.0828125
0 0.75859375 0.48046875 0.1203125 0.0734375
2 0.31328125 0.47265625 0.1140625 0.065625
0 0.6171875 0.484375 0.121875 0.075
1 0.05078125 0.46875 0.1015625 0.0875
2 0.903125 0.50859375 0.15 0.0828125
1 0.41875 0.5046875 0.1390625 0.0890625
0 0.09609375 0.51640625 0.128125 0.075
0 0.80078125 0.54921875 0.13125 0.0828125
2 0.67421875 0.5453125 0.1390625 0.0890625
1 0.234375 0.53671875 0.134375 0.0953125
0 0.4796875 0.57265625 0.1234375 0.0890625
2 0.92265625 0.596875 0.1515625 0.1
1 0.34765625 0.5796875 0.1546875 0.0953125
0 0.04921875 0.58359375 0.0984375 0.0859375
2 0.59296875 0.60546875 0.1390625 0.09375
0 0.15078125 0.6015625 0.128125 0.0921875
2 0.23515625 0.659375 0.1390625 0.1078125
0 0.7359375 0.67890625 0.1625 0.1
2 0.48984375 0.68359375 0.146875 0.0984375
0 0.04921875 0.67109375 0.0984375 0.1015625
0 0.31640625 0.72421875 0.14375 0.109375
2 0.58515625 0.76875 0.1765625 0.128125