0 0.784375 0.51015625 0.059375 0.09375
1 0.79453125 0.61171875 0.0703125 0.115625
1 0.73046875 0.32265625 0.071875 0.1140625
1 0.74453125 0.4203125 0.065625 0.1078125
1 0.7453125 0.53359375 0.0703125 0.11875
0 0.75 0.6421875 0.0640625 0.1
2 0.753125 0.7390625 0.065625 0.10625
0 0.67265625 0.24296875 0.0671875 0.1015625
1 0.70234375 0.446875 0.0734375 0.1234375
1 0.68515625 0.334375 0.0734375 0.125
2 0.69140625 0.5421875 0.071875 0.1140625
1 0.6234375 0.16640625 0.0859375 0.125
2 0.6953125 0.6765625 0.075 0.1140625
2 0.715625 0.8296875 0.078125 0.1109375
2 0.64609375 0.4390625 0.0734375 0.1203125
1 0.62578125 0.33203125 0.0796875 0.1234375
1 0.56796875 0.06796875 0.0875 0.128125
0 0.64453125 0.5640625 0.071875 0.1078125
0 0.5890625 0.225 0.0703125 0.1109375
2 0.6640625 0.7625 0.0765625 0.125
2 0.6328125 0.65546875 0.0859375 0.128125
0 0.565625 0.30234375 0.078125 0.1109375
1 0.58828125 0.440625 0.0890625 0.128125
0 0.65390625 0.8734375 0.0796875 0.1265625
0 0.578125 0.54453125 0.0796875 0.1203125
1 0.51875 0.20234375 0.0953125 0.1296875
0 0.603125 0.78828125 0.0859375 0.1265625
2 0.5265625 0.3515625 0.0796875 0.1203125
0 0.57265625 0.65078125 0.0875 0.1265625
1 0.478125 0.0765625 0.1046875 0.1453125
2 0.6015625 0.925 0.096875 0.1390625
1 0.51484375 0.46015625 0.1046875 0.1453125
0 0.44296875 0.14765625 0.0890625 0.134375
0 0.54375 0.84296875 0.096875 0.1390625
2 0.52421875 0.71796875 0.1046875 0.1453125
1 0.4484375 0.28671875 0.109375 0.14375
0 0.46015625 0.5328125 0.1015625 0.13125
2 0.5171875 0.94453125 0.109375 0.1109375
1 0.428125 0.40625 0.1125 0.1625
0 0.365625 0.10234375 0.1015625 0.13125
2 0.45 0.65 0.1078125 0.146875
0 0.36953125 0.21796875 0.1046875 0.1375
2 0.32890625 0.3109375 0.121875 0.1484375
0 0.40546875 0.80390625 0.1171875 0.171875
2 0.3546875 0.5640625 0.115625 0.15625
0 0.2796875 0.109375 0.1203125 0.1515625
0 0.28125 0.40234375 0.125 0.1546875
2 0.28828125 0.6734375 0.1484375 0.1890625