0 0.5625 0.74453125 0.0890625 0.053125
1 0.6578125 0.728125 0.1078125 0.0625
1 0.3765625 0.74453125 0.1078125 0.0671875
1 0.4703125 0.73203125 0.1015625 0.0578125
1 0.5734375 0.70234375 0.1109375 0.0625
0 0.67421875 0.6796875 0.09375 0.0578125
2 0.76328125 0.65546875 0.0984375 0.0578125
0 0.2890625 0.71328125 0.09375 0.0609375
1 0.4828125 0.6859375 0.115625 0.0671875
1 0.37578125 0.69921875 0.11875 0.06875
2 0.5671875 0.6515625 0.1078125 0.0671875
1 0.20703125 0.68828125 0.115625 0.0765625
2 0.690625 0.61953125 0.1078125 0.06875
2 0.8359375 0.59765625 0.10625 0.071875
2 0.4609375 0.63671875 0.1125 0.0671875
1 0.35859375 0.64765625 0.115625 0.071875
1 0.1015625 0.6625 0.121875 0.08125
0 0.575 0.603125 0.1 0.065625
0 0.25078125 0.64140625 0.10625 0.065625
2 0.76171875 0.56875 0.11875 0.0703125
2 0.65546875 0.56796875 0.1203125 0.078125
0 0.315625 0.6 0.10625 0.071875
1 0.4484375 0.58359375 0.121875 0.0828125
0 0.86015625 0.53046875 0.1203125 0.0734375
0 0.53984375 0.54765625 0.1125 0.071875
1 0.2109375 0.5828125 0.121875 0.0890625
0 0.76953125 0.50703125 0.11875 0.0765625
2 0.35 0.55078125 0.1125 0.071875
0 0.6359375 0.51484375 0.1203125 0.0796875
1 0.08515625 0.578125 0.1359375 0.09375
2 0.90234375 0.46796875 0.1453125 0.090625
1 0.44609375 0.5109375 0.1359375 0.09375
0 0.1421875 0.52734375 0.1265625 0.08125
0 0.80234375 0.4375 0.1296875 0.0890625
2 0.68359375 0.45234375 0.1359375 0.09375
1 0.2703125 0.496875 0.1328125 0.1015625
0 0.49765625 0.44296875 0.1234375 0.0921875
2 0.91484375 0.384375 0.153125 0.10625
1 0.37421875 0.446875 0.153125 0.1046875
0 0.0796875 0.46875 0.1234375 0.0921875
2 0.603125 0.40234375 0.1375 0.1
0 0.1859375 0.4421875 0.128125 0.0953125
2 0.2609375 0.38046875 0.1390625 0.1125
0 0.73125 0.321875 0.159375 0.10625
2 0.49921875 0.33828125 0.1453125 0.1046875
0 0.0671875 0.3890625 0.134375 0.109375
0 0.33203125 0.31328125 0.1453125 0.115625
2 0.58203125 0.24921875 0.175 0.134375