0 0.265625 0.6125 0.0515625 0.0921875
1 0.275 0.71875 0.05625 0.1140625
1 0.2828125 0.415625 0.0625 0.1109375
1 0.28984375 0.5140625 0.053125 0.1046875
1 0.309375 0.62890625 0.0578125 0.1171875
0 0.32578125 0.74140625 0.053125 0.0984375
2 0.34453125 0.83671875 0.053125 0.103125
0 0.328125 0.32421875 0.05625 0.0984375
1 0.33515625 0.53515625 0.0640625 0.1203125
1 0.33359375 0.415625 0.0640625 0.121875
2 0.365625 0.6265625 0.0625 0.1109375
1 0.3625 0.2375 0.075 0.121875
2 0.3875 0.76171875 0.0640625 0.1109375
2 0.396875 0.92109375 0.0671875 0.1078125
2 0.39140625 0.515625 0.0640625 0.1171875
1 0.38984375 0.40234375 0.06875 0.1203125
1 0.396875 0.1234375 0.0765625 0.125
0 0.41875 0.63984375 0.0625 0.103125
0 0.40546875 0.28671875 0.059375 0.1078125
2 0.43828125 0.84609375 0.0671875 0.121875
2 0.44921875 0.73125 0.0734375 0.1234375
0 0.446875 0.36015625 0.0671875 0.1078125
1 0.4515625 0.50390625 0.0796875 0.125
0 0.46640625 0.9453125 0.0671875 0.109375
0 0.4828125 0.60625 0.06875 0.1171875
1 0.47265625 0.25234375 0.0859375 0.125
0 0.5046875 0.85703125 0.075 0.1234375
2 0.496875 0.40234375 0.06875 0.1171875
0 0.509375 0.715625 0.0765625 0.1234375
1 0.4921875 0.11484375 0.090625 0.1421875
2 0.53125 0.96328125 0.084375 0.0734375
1 0.5265625 0.51015625 0.090625 0.1421875
0 0.53828125 0.1828125 0.0765625 0.13125
0 0.57265625 0.903125 0.0859375 0.134375
2 0.57109375 0.7734375 0.090625 0.1421875
1 0.56171875 0.32421875 0.0984375 0.1375
0 0.5984375 0.571875 0.090625 0.125
2 0.6203125 0.9734375 0.0984375 0.0484375
1 0.60625 0.4375 0.0984375 0.159375
0 0.609375 0.11875 0.090625 0.125
2 0.6296875 0.690625 0.0953125 0.1421875
0 0.628125 0.2359375 0.0921875 0.13125
2 0.68515625 0.32265625 0.1078125 0.1421875
0 0.70703125 0.83671875 0.103125 0.165625
2 0.709375 0.58515625 0.1015625 0.15
0 0.69765625 0.109375 0.10625 0.14375
0 0.75390625 0.40859375 0.1109375 0.146875
2 0.79609375 0.68203125 0.13125 0.18125