0 0.74453125 0.46015625 0.0453125 0.0828125
1 0.74140625 0.3625 0.05 0.1046875
1 0.71953125 0.6390625 0.0546875 0.1015625
1 0.7171875 0.54921875 0.0484375 0.096875
1 0.70546875 0.44453125 0.05 0.10625
0 0.696875 0.33984375 0.0484375 0.0890625
2 0.68359375 0.2515625 0.0484375 0.0953125
0 0.67421875 0.7203125 0.05 0.0890625
1 0.67734375 0.52734375 0.0546875 0.1078125
1 0.6734375 0.6359375 0.0546875 0.1109375
2 0.6546875 0.44296875 0.0546875 0.1015625
1 0.63828125 0.79765625 0.0640625 0.1078125
2 0.640625 0.31796875 0.0578125 0.1015625
2 0.63984375 0.1734375 0.0609375 0.0984375
2 0.62578125 0.54296875 0.0546875 0.10625
1 0.621875 0.64609375 0.0609375 0.1078125
1 0.6015625 0.89921875 0.0671875 0.1140625
0 0.60625 0.428125 0.0546875 0.0953125
0 0.6015625 0.75 0.053125 0.0984375
2 0.5984375 0.2390625 0.0578125 0.1109375
2 0.58359375 0.34296875 0.0640625 0.1140625
0 0.56796875 0.68203125 0.0609375 0.0984375
1 0.5703125 0.55 0.0703125 0.1140625
0 0.57734375 0.140625 0.0609375 0.1140625
0 0.546875 0.45546875 0.0609375 0.10625
1 0.5390625 0.77890625 0.075 0.1140625
0 0.5390625 0.2265625 0.0640625 0.1109375
2 0.52421875 0.64140625 0.0609375 0.10625
0 0.528125 0.35546875 0.0671875 0.1109375
1 0.51484375 0.90234375 0.0796875 0.128125
2 0.51953125 0.090625 0.0765625 0.1390625
1 0.5015625 0.54140625 0.0796875 0.128125
0 0.47578125 0.8390625 0.0671875 0.11875
0 0.47890625 0.18125 0.075 0.1203125
2 0.47421875 0.29921875 0.0796875 0.128125
1 0.4609375 0.70859375 0.0859375 0.1234375
0 0.4390625 0.48203125 0.0796875 0.1140625
2 0.440625 0.06875 0.090625 0.1375
1 0.4265625 0.603125 0.0875 0.1421875
0 0.4078125 0.89375 0.0796875 0.1140625
2 0.4171875 0.371875 0.084375 0.128125
0 0.396875 0.7859375 0.0828125 0.11875
2 0.3484375 0.7046875 0.096875 0.128125
0 0.353125 0.23515625 0.090625 0.15
2 0.33984375 0.4640625 0.0890625 0.1359375
0 0.32734375 0.8984375 0.0953125 0.1296875
0 0.290625 0.62265625 0.0984375 0.1328125
2 0.26484375 0.371875 0.11875 0.1625