0 0.44140625 0.84375 0.0984375 0.0609375
1 0.33515625 0.82421875 0.121875 0.0703125
1 0.6484375 0.84375 0.11875 0.0734375
1 0.54453125 0.8296875 0.1140625 0.065625
1 0.42890625 0.79765625 0.125 0.0703125
0 0.31640625 0.77109375 0.10625 0.065625
2 0.21640625 0.74453125 0.1109375 0.065625
0 0.74609375 0.80859375 0.10625 0.0671875
1 0.5296875 0.77890625 0.128125 0.075
1 0.64921875 0.79375 0.13125 0.075
2 0.4359375 0.73984375 0.11875 0.0734375
1 0.83828125 0.78125 0.1296875 0.0859375
2 0.29765625 0.7046875 0.11875 0.075
2 0.13515625 0.68046875 0.1171875 0.0796875
2 0.5546875 0.72421875 0.125 0.075
1 0.66875 0.73515625 0.1296875 0.0796875
1 0.93203125 0.7484375 0.0890625 0.084375
0 0.4265625 0.6859375 0.1109375 0.0734375
0 0.7890625 0.72890625 0.115625 0.0703125
2 0.21875 0.6484375 0.13125 0.0765625
2 0.3375 0.646875 0.1359375 0.0875
0 0.7171875 0.6828125 0.1171875 0.078125
1 0.56875 0.6640625 0.1359375 0.09375
0 0.10859375 0.6046875 0.1359375 0.0828125
0 0.46640625 0.62421875 0.1265625 0.0796875
1 0.83359375 0.6640625 0.1375 0.0984375
0 0.2109375 0.57890625 0.1328125 0.0859375
2 0.678125 0.62734375 0.1265625 0.0796875
0 0.36015625 0.5875 0.1328125 0.0890625
1 0.94296875 0.6546875 0.0921875 0.096875
2 0.071875 0.5359375 0.14375 0.1
1 0.57109375 0.58359375 0.153125 0.1046875
0 0.91015625 0.6015625 0.140625 0.090625
0 0.1734375 0.5015625 0.14375 0.0984375
2 0.30546875 0.51796875 0.153125 0.1046875
1 0.7671875 0.5671875 0.1484375 0.1125
0 0.51328125 0.50703125 0.1375 0.103125
2 0.0671875 0.44296875 0.134375 0.1140625
1 0.6515625 0.51171875 0.1703125 0.115625
0 0.95546875 0.534375 0.0890625 0.096875
2 0.39609375 0.46171875 0.1546875 0.1109375
0 0.8609375 0.50625 0.1421875 0.10625
2 0.77734375 0.43828125 0.15625 0.125
0 0.253125 0.371875 0.1796875 0.1203125
2 0.51171875 0.390625 0.1625 0.1171875
0 0.95859375 0.44296875 0.0828125 0.1140625
0 0.69765625 0.36328125 0.1625 0.1265625
2 0.4203125 0.29140625 0.1953125 0.1515625