0 0.50390625 0.246875 0.0890625 0.053125
1 0.60390625 0.24140625 0.1109375 0.0609375
1 0.321875 0.28828125 0.1078125 0.0671875
1 0.41484375 0.28046875 0.103125 0.05625
1 0.5234375 0.28515625 0.1125 0.0609375
0 0.63125 0.28515625 0.0953125 0.05625
2 0.72265625 0.28828125 0.1 0.05625
0 0.24296875 0.33984375 0.0953125 0.059375
1 0.44140625 0.321875 0.115625 0.0671875
1 0.3296875 0.33359375 0.11875 0.0671875
2 0.52890625 0.3375 0.1078125 0.0671875
1 0.1671875 0.38359375 0.1171875 0.0765625
2 0.659375 0.340625 0.109375 0.06875
2 0.8078125 0.32890625 0.10625 0.0703125
2 0.43046875 0.37578125 0.1125 0.0671875
1 0.32421875 0.38984375 0.1171875 0.0703125
1 0.065625 0.43359375 0.121875 0.0796875
0 0.5484375 0.38359375 0.1 0.065625
0 0.21875 0.41953125 0.10625 0.0640625
2 0.74296875 0.375 0.1171875 0.06875
2 0.6390625 0.4 0.121875 0.078125
0 0.2921875 0.44609375 0.10625 0.06875
1 0.4265625 0.43203125 0.121875 0.08125
0 0.84765625 0.390625 0.121875 0.0734375
0 0.52578125 0.446875 0.1140625 0.0703125
1 0.1953125 0.48671875 0.1234375 0.0859375
0 0.7625 0.434375 0.11875 0.0765625
2 0.33828125 0.48671875 0.1140625 0.0703125
0 0.63046875 0.45703125 0.11875 0.0796875
1 0.0703125 0.5203125 0.1390625 0.09375
2 0.903125 0.44296875 0.1484375 0.0890625
1 0.4421875 0.50390625 0.1390625 0.09375
0 0.13984375 0.55703125 0.1265625 0.08125
0 0.81328125 0.49453125 0.13125 0.0875
2 0.6921875 0.50703125 0.1390625 0.09375
1 0.2734375 0.5578125 0.1328125 0.1
0 0.50859375 0.559375 0.1234375 0.0921875
2 0.9296875 0.52265625 0.140625 0.1046875
1 0.384375 0.584375 0.1546875 0.103125
0 0.0890625 0.62890625 0.1234375 0.0921875
2 0.62421875 0.57578125 0.1390625 0.096875
0 0.2 0.63125 0.128125 0.0953125
2 0.28828125 0.67578125 0.140625 0.109375
0 0.76953125 0.62578125 0.1625 0.10625
2 0.5359375 0.6625 0.146875 0.1046875
0 0.09140625 0.71171875 0.1421875 0.109375
0 0.3765625 0.725 0.1453125 0.1140625
2 0.63828125 0.73203125 0.1765625 0.1359375