0 0.55546875 0.2515625 0.0859375 0.046875
1 0.653125 0.26015625 0.1046875 0.053125
1 0.37421875 0.2671875 0.1015625 0.05625
1 0.46484375 0.271875 0.096875 0.05
1 0.56953125 0.29140625 0.1078125 0.053125
0 0.6734375 0.30625 0.0890625 0.05
2 0.7609375 0.321875 0.0953125 0.05
0 0.290625 0.30703125 0.0890625 0.053125
1 0.484375 0.315625 0.109375 0.05625
1 0.375 0.31171875 0.1109375 0.05625
2 0.56796875 0.34296875 0.1015625 0.05625
1 0.21171875 0.3375 0.109375 0.0671875
2 0.6921875 0.3625 0.1015625 0.059375
2 0.83828125 0.371875 0.0984375 0.0625
2 0.46640625 0.36640625 0.1078125 0.05625
1 0.3625 0.365625 0.109375 0.0625
1 0.10703125 0.371875 0.1140625 0.06875
0 0.5796875 0.38984375 0.0953125 0.05625
0 0.25625 0.3796875 0.0984375 0.0546875
2 0.76875 0.4078125 0.1109375 0.059375
2 0.66484375 0.4171875 0.1140625 0.0671875
0 0.32421875 0.415625 0.0984375 0.0625
1 0.45625 0.4203125 0.1140625 0.071875
0 0.8671875 0.43671875 0.1140625 0.0625
0 0.54921875 0.44765625 0.1078125 0.0625
1 0.22421875 0.44140625 0.115625 0.0765625
0 0.7796875 0.46796875 0.1109375 0.0671875
2 0.36328125 0.4609375 0.1078125 0.0625
0 0.64921875 0.47265625 0.1109375 0.06875
1 0.09921875 0.45625 0.13125 0.0828125
2 0.91484375 0.4953125 0.140625 0.078125
1 0.4609375 0.49140625 0.13125 0.0828125
0 0.16171875 0.5015625 0.1203125 0.0703125
0 0.821875 0.5328125 0.1234375 0.078125
2 0.70234375 0.52890625 0.13125 0.0828125
1 0.290625 0.52109375 0.125 0.090625
0 0.51796875 0.5546875 0.115625 0.08125
2 0.93125 0.57578125 0.134375 0.0921875
1 0.39453125 0.5609375 0.1453125 0.090625
0 0.103125 0.5640625 0.115625 0.08125
2 0.6265625 0.5859375 0.13125 0.0890625
0 0.21015625 0.58203125 0.121875 0.0859375
2 0.2890625 0.63671875 0.13125 0.1
0 0.76015625 0.65390625 0.153125 0.0921875
2 0.5296875 0.6578125 0.1375 0.0921875
0 0.09375 0.6453125 0.1328125 0.0984375
0 0.36796875 0.69609375 0.134375 0.1015625
2 0.61875 0.7390625 0.1671875 0.121875