0 0.2578125 0.42578125 0.05625 0.090625
1 0.2765625 0.3296875 0.0640625 0.1109375
1 0.2546875 0.61328125 0.06875 0.109375
1 0.26875 0.51953125 0.059375 0.103125
1 0.3 0.41484375 0.0640625 0.1140625
0 0.32578125 0.3140625 0.059375 0.096875
2 0.35078125 0.22421875 0.059375 0.1015625
0 0.284375 0.7015625 0.0625 0.096875
1 0.3140625 0.50703125 0.06875 0.115625
1 0.29921875 0.61484375 0.0703125 0.11875
2 0.3515625 0.42265625 0.06875 0.109375
1 0.30859375 0.7859375 0.0796875 0.1171875
2 0.38515625 0.2984375 0.071875 0.1109375
2 0.41015625 0.1515625 0.0734375 0.1078125
2 0.36484375 0.5296875 0.06875 0.1140625
1 0.35234375 0.6328125 0.0734375 0.1171875
1 0.3328125 0.89296875 0.0828125 0.1234375
0 0.40078125 0.41484375 0.0671875 0.1015625
0 0.35625 0.7421875 0.0671875 0.10625
2 0.4390625 0.228125 0.0734375 0.11875
2 0.4375 0.33515625 0.08125 0.1234375
0 0.39921875 0.67734375 0.0734375 0.1078125
1 0.41796875 0.54375 0.0859375 0.125
0 0.47890625 0.12890625 0.075 0.1234375
0 0.45625 0.45234375 0.0734375 0.115625
1 0.41484375 0.7828125 0.090625 0.125
0 0.5015625 0.22109375 0.08125 0.1203125
2 0.45 0.64296875 0.0734375 0.115625
0 0.49140625 0.35625 0.0828125 0.1203125
1 0.4171875 0.909375 0.096875 0.1390625
2 0.54296875 0.0875 0.09375 0.15
1 0.49140625 0.546875 0.096875 0.1390625
0 0.46953125 0.85390625 0.0828125 0.128125
0 0.57109375 0.18828125 0.090625 0.13125
2 0.5546875 0.3078125 0.096875 0.1390625
1 0.50234375 0.725 0.1046875 0.1359375
0 0.5609375 0.49609375 0.0953125 0.125
2 0.62734375 0.08046875 0.10625 0.1453125
1 0.5546875 0.62109375 0.10625 0.15625
0 0.52734375 0.91796875 0.0953125 0.125
2 0.60390625 0.390625 0.1015625 0.140625
0 0.55546875 0.8109375 0.0984375 0.13125
2 0.61953125 0.7359375 0.1140625 0.1421875
0 0.6875 0.2625 0.1109375 0.1640625
2 0.6671875 0.496875 0.109375 0.1484375
0 0.6078125 0.93125 0.1125 0.1375
0 0.6890625 0.665625 0.1171875 0.146875
2 0.7578125 0.41484375 0.1390625 0.1796875