0 0.575 0.2890625 0.09375 0.05625
1 0.68125 0.30390625 0.1171875 0.0625
1 0.3765625 0.29609375 0.1140625 0.06875
1 0.475 0.30859375 0.1078125 0.059375
1 0.58828125 0.33359375 0.1203125 0.0625
0 0.70078125 0.35546875 0.1015625 0.0578125
2 0.7953125 0.37890625 0.10625 0.059375
0 0.28359375 0.3359375 0.1015625 0.0609375
1 0.49375 0.3546875 0.1234375 0.06875
1 0.375 0.346875 0.125 0.0703125
2 0.58359375 0.3890625 0.1140625 0.06875
1 0.19453125 0.365625 0.125 0.078125
2 0.71796875 0.41875 0.1140625 0.071875
2 0.87578125 0.43671875 0.1109375 0.0734375
2 0.471875 0.40859375 0.1203125 0.06875
1 0.3578125 0.4015625 0.1234375 0.0734375
1 0.0796875 0.3953125 0.128125 0.0828125
0 0.59375 0.44375 0.10625 0.06875
0 0.2421875 0.41171875 0.1109375 0.065625
2 0.7984375 0.4734375 0.125 0.0734375
2 0.684375 0.478125 0.128125 0.0796875
0 0.31328125 0.45703125 0.1109375 0.0734375
1 0.45703125 0.46953125 0.128125 0.0859375
0 0.9046875 0.50859375 0.1265625 0.075
0 0.5578125 0.5046875 0.1203125 0.0734375
1 0.20390625 0.4765625 0.128125 0.0921875
0 0.80625 0.53984375 0.1265625 0.0796875
2 0.35234375 0.50859375 0.1203125 0.0734375
0 0.66484375 0.5375 0.1265625 0.0828125
1 0.06875 0.4875 0.1375 0.096875
2 0.9359375 0.575 0.125 0.0890625
1 0.45859375 0.5453125 0.1453125 0.0984375
0 0.13203125 0.5390625 0.134375 0.0828125
0 0.8484375 0.6109375 0.1375 0.0921875
2 0.71953125 0.60234375 0.1453125 0.0984375
1 0.27109375 0.5703125 0.1421875 0.1046875
0 0.51640625 0.61953125 0.128125 0.096875
2 0.940625 0.66484375 0.1015625 0.103125
1 0.38203125 0.61953125 0.1640625 0.10625
0 0.0640625 0.60703125 0.128125 0.096875
2 0.63359375 0.65703125 0.146875 0.103125
0 0.1796875 0.63203125 0.1359375 0.1
2 0.2625 0.6921875 0.146875 0.115625
0 0.775 0.74140625 0.1703125 0.1109375
2 0.5234375 0.73046875 0.1546875 0.109375
0 0.06171875 0.69453125 0.1234375 0.1140625
0 0.3453125 0.765625 0.153125 0.1203125
2 0.6171875 0.8234375 0.1875 0.140625