0 0.74765625 0.4203125 0.0578125 0.0921875
1 0.7296875 0.31796875 0.0640625 0.1140625
1 0.74765625 0.6109375 0.06875 0.1125
1 0.734375 0.5171875 0.0625 0.1046875
1 0.7046875 0.40859375 0.0640625 0.115625
0 0.6796875 0.3015625 0.0609375 0.0984375
2 0.6546875 0.2109375 0.0609375 0.1015625
0 0.71484375 0.7015625 0.0625 0.1
1 0.6875 0.50078125 0.0703125 0.11875
1 0.7015625 0.6140625 0.0703125 0.121875
2 0.65078125 0.415625 0.06875 0.1125
1 0.6890625 0.78828125 0.08125 0.121875
2 0.61796875 0.2875 0.071875 0.1125
2 0.5953125 0.13515625 0.075 0.109375
2 0.63515625 0.5234375 0.06875 0.1171875
1 0.64609375 0.63203125 0.075 0.11875
1 0.6625 0.9 0.0828125 0.1265625
0 0.60078125 0.40703125 0.0671875 0.103125
0 0.640625 0.74453125 0.065625 0.109375
2 0.5640625 0.21015625 0.0734375 0.121875
2 0.5640625 0.3203125 0.08125 0.1265625
0 0.59765625 0.678125 0.075 0.109375
1 0.58046875 0.53984375 0.0859375 0.1265625
0 0.52421875 0.109375 0.0765625 0.125
0 0.54296875 0.44453125 0.075 0.1171875
1 0.57890625 0.78359375 0.0921875 0.128125
0 0.5 0.20546875 0.08125 0.1234375
2 0.5453125 0.640625 0.075 0.1171875
0 0.5078125 0.34140625 0.0828125 0.1234375
1 0.575 0.91640625 0.0984375 0.14375
2 0.45859375 0.07109375 0.0921875 0.1421875
1 0.5046875 0.54140625 0.0984375 0.14375
0 0.521875 0.85546875 0.0828125 0.13125
0 0.42734375 0.1671875 0.0921875 0.134375
2 0.44296875 0.29140625 0.0984375 0.14375
1 0.4890625 0.721875 0.10625 0.1375
0 0.43359375 0.4875 0.096875 0.128125
2 0.375 0.06875 0.10625 0.1234375
1 0.43828125 0.6171875 0.1078125 0.159375
0 0.46171875 0.92265625 0.096875 0.128125
2 0.39140625 0.37578125 0.103125 0.14375
0 0.4328125 0.81171875 0.0984375 0.1328125
2 0.36875 0.734375 0.115625 0.1453125
0 0.30703125 0.2421875 0.1125 0.1671875
2 0.32421875 0.48359375 0.1109375 0.1515625
0 0.3765625 0.93203125 0.1125 0.1359375
0 0.29921875 0.65703125 0.11875 0.15
2 0.23125 0.39765625 0.1421875 0.184375