0 0.2515625 0.4671875 0.0484375 0.084375
1 0.2515625 0.37109375 0.053125 0.10625
1 0.2828125 0.646875 0.059375 0.103125
1 0.27890625 0.5546875 0.0515625 0.096875
1 0.28984375 0.4484375 0.053125 0.1078125
0 0.2953125 0.346875 0.0515625 0.0890625
2 0.30234375 0.25625 0.0515625 0.0953125
0 0.32890625 0.7265625 0.053125 0.090625
1 0.32109375 0.53359375 0.059375 0.109375
1 0.3265625 0.63984375 0.0609375 0.1125
2 0.340625 0.44609375 0.0578125 0.103125
1 0.3671875 0.80234375 0.06875 0.109375
2 0.35 0.32109375 0.0609375 0.103125
2 0.34609375 0.17578125 0.0640625 0.1
2 0.3734375 0.54765625 0.0578125 0.1078125
1 0.38125 0.64765625 0.065625 0.109375
1 0.41015625 0.90078125 0.071875 0.115625
0 0.38671875 0.4296875 0.0578125 0.096875
0 0.4046875 0.7515625 0.05625 0.1
2 0.38828125 0.24296875 0.0625 0.1125
2 0.40703125 0.34609375 0.0703125 0.115625
0 0.43359375 0.68203125 0.0640625 0.1
1 0.4265625 0.55 0.075 0.115625
0 0.4078125 0.14140625 0.065625 0.115625
0 0.44609375 0.45546875 0.0640625 0.1078125
1 0.46875 0.78046875 0.0796875 0.115625
0 0.446875 0.22578125 0.06875 0.1125
2 0.475 0.6390625 0.0640625 0.1078125
0 0.46171875 0.35625 0.071875 0.1125
1 0.49453125 0.90078125 0.084375 0.13125
2 0.4609375 0.0890625 0.08125 0.140625
1 0.49765625 0.5390625 0.084375 0.13125
0 0.53359375 0.8375 0.071875 0.1203125
0 0.5078125 0.18125 0.0796875 0.121875
2 0.5140625 0.29921875 0.084375 0.13125
1 0.54140625 0.7078125 0.090625 0.1265625
0 0.55546875 0.47734375 0.084375 0.1171875
2 0.540625 0.0671875 0.09375 0.134375
1 0.57265625 0.5984375 0.0921875 0.1453125
0 0.60078125 0.88828125 0.084375 0.1171875
2 0.57578125 0.36953125 0.0890625 0.13125
0 0.60859375 0.7796875 0.0875 0.121875
2 0.65546875 0.696875 0.1015625 0.13125
0 0.63203125 0.23046875 0.0953125 0.153125
2 0.65703125 0.45859375 0.09375 0.1390625
0 0.68125 0.88984375 0.1 0.1328125
0 0.70859375 0.615625 0.103125 0.1359375
2 0.728125 0.36328125 0.1234375 0.1671875