0 0.775 0.58359375 0.05 0.0890625
1 0.76640625 0.68515625 0.053125 0.1078125
1 0.759375 0.39609375 0.059375 0.10625
1 0.75234375 0.48984375 0.0515625 0.1015625
1 0.734375 0.59921875 0.053125 0.1109375
0 0.71875 0.70703125 0.0515625 0.09375
2 0.7 0.79765625 0.0515625 0.0984375
0 0.71640625 0.30859375 0.053125 0.09375
1 0.709375 0.509375 0.059375 0.1140625
1 0.71015625 0.39609375 0.0609375 0.1171875
2 0.68046875 0.596875 0.059375 0.10625
1 0.6828125 0.22578125 0.06875 0.1140625
2 0.659375 0.72578125 0.0625 0.10625
2 0.65 0.878125 0.0640625 0.1046875
2 0.65625 0.49140625 0.059375 0.1109375
1 0.65703125 0.3828125 0.0640625 0.1140625
1 0.65 0.1171875 0.0734375 0.11875
0 0.62890625 0.609375 0.059375 0.0984375
0 0.64140625 0.27265625 0.05625 0.1046875
2 0.61015625 0.80625 0.0640625 0.1171875
2 0.6 0.69765625 0.0703125 0.11875
0 0.60234375 0.3421875 0.0640625 0.1046875
1 0.59765625 0.48046875 0.0765625 0.1203125
0 0.5828125 0.90859375 0.065625 0.11875
0 0.56875 0.57734375 0.0640625 0.1109375
1 0.578125 0.23984375 0.08125 0.1203125
0 0.54765625 0.81640625 0.0703125 0.1171875
2 0.5546875 0.3828125 0.0640625 0.1109375
0 0.54375 0.68125 0.0734375 0.1171875
1 0.56015625 0.10859375 0.0859375 0.1359375
2 0.5203125 0.94140625 0.08125 0.1171875
1 0.5265625 0.48515625 0.0859375 0.1359375
0 0.515625 0.1734375 0.0734375 0.1234375
0 0.48203125 0.86015625 0.08125 0.128125
2 0.48359375 0.73671875 0.0859375 0.1359375
1 0.49296875 0.30859375 0.09375 0.13125
0 0.4578125 0.54453125 0.0859375 0.1203125
2 0.4359375 0.9515625 0.0953125 0.0953125
1 0.45078125 0.4171875 0.09375 0.15
0 0.446875 0.1125 0.0859375 0.1203125
2 0.428125 0.65859375 0.0921875 0.1359375
0 0.42890625 0.225 0.0890625 0.125
2 0.37578125 0.30625 0.1046875 0.1359375
0 0.3546875 0.79765625 0.096875 0.159375
2 0.35234375 0.55703125 0.096875 0.14375
0 0.36328125 0.10390625 0.1015625 0.1375
0 0.31015625 0.38828125 0.1078125 0.140625
2 0.26875 0.65 0.125 0.1734375