0 0.24140625 0.46171875 0.059375 0.0984375
1 0.25859375 0.35234375 0.06875 0.1203125
1 0.2453125 0.6671875 0.071875 0.1203125
1 0.26015625 0.565625 0.0640625 0.1140625
1 0.2875 0.4484375 0.06875 0.1234375
0 0.3125 0.3328125 0.0640625 0.1046875
2 0.3390625 0.23515625 0.0640625 0.1109375
0 0.28515625 0.76484375 0.065625 0.1046875
1 0.3078125 0.546875 0.0734375 0.128125
1 0.29765625 0.6703125 0.0734375 0.13125
2 0.3453125 0.4546875 0.071875 0.1203125
1 0.31484375 0.8578125 0.084375 0.128125
2 0.378125 0.31484375 0.075 0.1203125
2 0.4 0.1515625 0.0765625 0.1171875
2 0.3640625 0.5703125 0.0734375 0.125
1 0.3546875 0.6890625 0.078125 0.128125
1 0.3453125 0.95 0.0828125 0.0796875
0 0.40234375 0.4453125 0.071875 0.1125
0 0.36328125 0.809375 0.0703125 0.1171875
2 0.43671875 0.2328125 0.0765625 0.13125
2 0.43984375 0.3515625 0.084375 0.134375
0 0.4109375 0.73671875 0.0765625 0.1171875
1 0.4265625 0.5875 0.090625 0.1359375
0 0.475 0.1234375 0.0796875 0.134375
0 0.465625 0.48359375 0.078125 0.125
1 0.4296875 0.85 0.096875 0.1359375
0 0.50703125 0.22578125 0.084375 0.13125
2 0.465625 0.69609375 0.078125 0.125
0 0.50078125 0.37265625 0.0875 0.1328125
1 0.4421875 0.95859375 0.096875 0.0828125
2 0.546875 0.078125 0.1 0.15625
1 0.5046875 0.58671875 0.103125 0.1515625
0 0.49296875 0.9265625 0.0890625 0.1421875
0 0.58046875 0.18359375 0.0984375 0.14375
2 0.56953125 0.3171875 0.103125 0.1515625
1 0.52734375 0.7828125 0.1109375 0.1484375
0 0.58359375 0.528125 0.1015625 0.1375
2 0.63984375 0.075 0.1125 0.134375
1 0.58125 0.66796875 0.1125 0.1703125
0 0.5640625 0.96484375 0.096875 0.0703125
2 0.62421875 0.40703125 0.1078125 0.153125
0 0.58984375 0.878125 0.10625 0.14375
2 0.6546875 0.79296875 0.1234375 0.1546875
0 0.71484375 0.26171875 0.1171875 0.178125
2 0.6984375 0.52265625 0.115625 0.1625
0 0.65546875 0.9671875 0.1140625 0.065625
0 0.7328125 0.709375 0.1265625 0.1609375
2 0.796875 0.42734375 0.15 0.196875