0 0.21640625 0.621875 0.059375 0.09375
1 0.2375 0.7234375 0.0703125 0.115625
1 0.209375 0.42890625 0.071875 0.1140625
1 0.228125 0.5234375 0.065625 0.1078125
1 0.26015625 0.63125 0.0703125 0.11875
0 0.2890625 0.7390625 0.0640625 0.1
2 0.31875 0.82890625 0.065625 0.10625
0 0.2421875 0.33515625 0.0671875 0.1015625
1 0.27421875 0.53828125 0.0734375 0.1234375
1 0.25859375 0.4234375 0.0734375 0.125
2 0.3140625 0.62265625 0.071875 0.1140625
1 0.26484375 0.246875 0.0859375 0.125
2 0.3515625 0.7515625 0.075 0.1140625
2 0.3796875 0.90390625 0.078125 0.1109375
2 0.32578125 0.51328125 0.0734375 0.1203125
1 0.3109375 0.403125 0.0796875 0.1234375
1 0.28515625 0.1328125 0.0875 0.128125
0 0.36796875 0.6296875 0.071875 0.1078125
0 0.3125 0.28984375 0.0703125 0.1109375
2 0.4109375 0.8265625 0.0765625 0.125
2 0.4078125 0.71484375 0.0859375 0.128125
0 0.3609375 0.35625 0.078125 0.1109375
1 0.3828125 0.49453125 0.0890625 0.128125
0 0.4515625 0.9265625 0.0796875 0.1265625
0 0.425 0.5890625 0.0796875 0.1203125
1 0.3734375 0.2484375 0.0953125 0.1296875
0 0.47578125 0.8296875 0.0859375 0.1265625
2 0.4140625 0.39140625 0.0796875 0.1203125
0 0.46328125 0.69140625 0.0875 0.1265625
1 0.37578125 0.1140625 0.1046875 0.1453125
2 0.5171875 0.94453125 0.09375 0.1109375
1 0.45703125 0.49140625 0.1046875 0.1453125
0 0.42890625 0.1734375 0.0890625 0.134375
0 0.54765625 0.865625 0.096875 0.1390625
2 0.53046875 0.740625 0.1046875 0.1453125
1 0.46796875 0.30703125 0.109375 0.14375
0 0.5328125 0.5421875 0.1015625 0.13125
2 0.60390625 0.946875 0.10625 0.0984375
1 0.52421875 0.41171875 0.1125 0.1625
0 0.48984375 0.10390625 0.1015625 0.13125
2 0.57734375 0.65390625 0.1078125 0.146875
0 0.521875 0.2140625 0.1046875 0.1375
2 0.58671875 0.290625 0.121875 0.1484375
0 0.66953125 0.7859375 0.1171875 0.171875
2 0.64140625 0.5421875 0.115625 0.15625
0 0.57421875 0.08359375 0.1203125 0.1515625
0 0.66328125 0.365625 0.1234375 0.1546875
2 0.7375 0.62578125 0.146875 0.1890625