2 0.1390625 0.5671875 0.0984375 0.125
2 0.20078125 0.7515625 0.0953125 0.128125
0 0.28125 0.34921875 0.090625 0.1140625
1 0.3171875 0.184375 0.1140625 0.1359375
1 0.27578125 0.48984375 0.10625 0.134375
0 0.296875 0.62109375 0.0859375 0.109375
1 0.3953125 0.3296875 0.1046875 0.128125
2 0.46796875 0.08984375 0.096875 0.1203125
2 0.39140625 0.81640625 0.1 0.134375
1 0.4453125 0.51953125 0.103125 0.128125
0 0.53359375 0.26015625 0.0859375 0.10625
1 0.546875 0.59921875 0.1046875 0.128125
1 0.603125 0.39609375 0.1046875 0.134375
1 0.57890625 0.7609375 0.115625 0.140625