2 0.11875 0.6546875 0.096875 0.125
2 0.23125 0.81875 0.09375 0.128125
0 0.19765625 0.40078125 0.090625 0.115625
1 0.18671875 0.22890625 0.1109375 0.134375
1 0.23125 0.540625 0.1046875 0.1328125
0 0.2890625 0.6640625 0.084375 0.1109375
1 0.30390625 0.35 0.1046875 0.1296875
2 0.3078125 0.09375 0.0953125 0.1203125
2 0.43671875 0.828125 0.096875 0.1359375
1 0.40625 0.521875 0.1015625 0.128125
0 0.41875 0.2421875 0.0828125 0.1046875
1 0.52890625 0.571875 0.1046875 0.1296875
1 0.5265625 0.35703125 0.1015625 0.1328125
1 0.6046875 0.72109375 0.1125 0.1390625