2 0.5765625 0.14140625 0.1203125 0.090625
2 0.7546875 0.21171875 0.121875 0.0890625
0 0.3546875 0.2703125 0.1109375 0.0859375
1 0.190625 0.2953125 0.128125 0.10625
1 0.49296875 0.26875 0.1265625 0.1
0 0.62109375 0.29921875 0.10625 0.078125
1 0.3296875 0.37890625 0.121875 0.0984375
2 0.08984375 0.4375 0.1140625 0.090625
2 0.80859375 0.4 0.1296875 0.0921875
1 0.51328125 0.44140625 0.121875 0.0953125
0 0.25390625 0.51328125 0.1 0.078125
1 0.58671875 0.5421875 0.121875 0.0984375
1 0.384375 0.5875 0.1265625 0.096875
1 0.74375 0.584375 0.134375 0.10625