2 0.1328125 0.54453125 0.09375 0.1203125
2 0.1921875 0.72421875 0.0921875 0.1234375
0 0.27109375 0.33359375 0.0875 0.1109375
1 0.303125 0.1734375 0.1109375 0.13125
1 0.2625 0.46953125 0.103125 0.13125
0 0.2859375 0.59765625 0.0828125 0.10625
1 0.37890625 0.31484375 0.103125 0.125
2 0.45 0.08125 0.09375 0.1171875
2 0.37578125 0.78671875 0.0953125 0.13125
1 0.43046875 0.49921875 0.1015625 0.125
0 0.515625 0.246875 0.0828125 0.103125
1 0.5265625 0.5765625 0.103125 0.125
1 0.58046875 0.37890625 0.1015625 0.13125
1 0.559375 0.7328125 0.1109375 0.134375