2 0.36875 0.15390625 0.1171875 0.0828125
2 0.1921875 0.2421875 0.1203125 0.08125
0 0.6078125 0.265625 0.1078125 0.078125
1 0.778125 0.2765625 0.125 0.0984375
1 0.465625 0.27734375 0.125 0.0921875
0 0.33671875 0.3203125 0.1046875 0.0734375
1 0.64375 0.37578125 0.1203125 0.0921875
2 0.8953125 0.41484375 0.1109375 0.0828125
2 0.153125 0.43984375 0.1265625 0.0828125
1 0.459375 0.45546875 0.1203125 0.0890625
0 0.73359375 0.50625 0.0984375 0.0734375
1 0.39375 0.56640625 0.1203125 0.0921875
1 0.60625 0.59375 0.125 0.0890625
1 0.2359375 0.6234375 0.1296875 0.0984375