2 0.83828125 0.3296875 0.0921875 0.1234375
2 0.72890625 0.1640625 0.0921875 0.1265625
0 0.75546875 0.5796875 0.0875 0.1140625
1 0.765625 0.75 0.109375 0.1328125
1 0.72734375 0.43984375 0.103125 0.1328125
0 0.66953125 0.3171875 0.0828125 0.109375
1 0.6515625 0.62890625 0.103125 0.128125
2 0.64296875 0.88359375 0.09375 0.1171875
2 0.52734375 0.15078125 0.0953125 0.1328125
1 0.55 0.45625 0.1 0.1265625
0 0.5328125 0.73359375 0.08125 0.103125
1 0.43203125 0.40390625 0.103125 0.128125
1 0.4296875 0.61796875 0.1 0.13125
1 0.35546875 0.25546875 0.1109375 0.1375