2 0.621875 0.14765625 0.1234375 0.090625
2 0.79609375 0.24921875 0.125 0.0875
0 0.3703125 0.24453125 0.1109375 0.0828125
1 0.196875 0.24296875 0.1296875 0.10625
1 0.51484375 0.26640625 0.1296875 0.096875
0 0.64296875 0.31875 0.1078125 0.078125
1 0.32734375 0.353125 0.125 0.096875
2 0.06796875 0.375 0.1171875 0.090625
2 0.82109375 0.45390625 0.1328125 0.090625
1 0.5078125 0.44765625 0.125 0.0953125
0 0.22578125 0.48046875 0.103125 0.078125
1 0.5671875 0.565625 0.125 0.096875
1 0.3484375 0.57890625 0.1296875 0.0953125
1 0.7234375 0.634375 0.1359375 0.10625