2 0.325 0.82890625 0.1296875 0.1
2 0.15 0.71328125 0.1328125 0.096875
0 0.590625 0.7421875 0.1203125 0.0921875
1 0.77109375 0.75 0.140625 0.115625
1 0.44296875 0.70859375 0.140625 0.1078125
0 0.3125 0.65 0.1171875 0.0859375
1 0.6421875 0.628125 0.134375 0.1078125
2 0.9125 0.61953125 0.125 0.1
2 0.1359375 0.496875 0.140625 0.1015625
1 0.459375 0.5234375 0.134375 0.1046875
0 0.753125 0.5046875 0.1109375 0.0859375
1 0.40390625 0.3953125 0.134375 0.1078125
1 0.63125 0.39375 0.140625 0.1046875
1 0.24609375 0.31796875 0.1453125 0.1171875