2 0.134375 0.590625 0.0828125 0.115625
2 0.2203125 0.7640625 0.0796875 0.1171875
0 0.24375 0.35625 0.0765625 0.1046875
1 0.25390625 0.1890625 0.096875 0.121875
1 0.2546875 0.49609375 0.0890625 0.121875
0 0.296875 0.621875 0.071875 0.1015625
1 0.35078125 0.321875 0.090625 0.1171875
2 0.3890625 0.07421875 0.08125 0.109375
2 0.4140625 0.8015625 0.0828125 0.125
1 0.4296875 0.50078125 0.0859375 0.1171875
0 0.4796875 0.2328125 0.071875 0.096875
1 0.53828125 0.56640625 0.0890625 0.1171875
1 0.56484375 0.3578125 0.0859375 0.121875
1 0.59375 0.7203125 0.096875 0.1265625