1 0.54765625 0.1125 0.175 0.1453125
1 0.79453125 0.15078125 0.16875 0.14375
1 0.22421875 0.225 0.16875 0.1359375
1 0.790625 0.31015625 0.159375 0.1296875
1 0.509375 0.28203125 0.159375 0.1296875
1 0.21484375 0.41484375 0.1609375 0.1265625
1 0.49453125 0.4703125 0.159375 0.1296875
1 0.75 0.51328125 0.1625 0.1390625
1 0.70625 0.69765625 0.159375 0.134375
1 0.1828125 0.63671875 0.1734375 0.1390625
1 0.4328125 0.67109375 0.1609375 0.1390625
1 0.14765625 0.859375 0.15625 0.134375
1 0.42578125 0.903125 0.16875 0.1359375
1 0.67109375 0.93671875 0.1546875 0.1265625
1 0.2203125 0.06875 0.1875 0.1375