1 0.43515625 0.0921875 0.1828125 0.1484375
1 0.70234375 0.0765625 0.175 0.1484375
1 0.12265625 0.28203125 0.1765625 0.1390625
1 0.734375 0.24453125 0.165625 0.13125
1 0.43359375 0.278125 0.165625 0.13125
1 0.1546875 0.48125 0.16875 0.13125
1 0.45859375 0.47734375 0.165625 0.13125
1 0.7359375 0.465625 0.1703125 0.1453125
1 0.73203125 0.66796875 0.1671875 0.1375
1 0.1703125 0.72109375 0.1796875 0.1421875
1 0.4390625 0.7015625 0.1671875 0.14375
1 0.18359375 0.94609375 0.1640625 0.1078125
1 0.4828125 0.93828125 0.175 0.1234375
1 0.7484375 0.9234375 0.159375 0.125
1 0.090625 0.115625 0.18125 0.15