1 0.43359375 0.90390625 0.184375 0.1515625
1 0.16875 0.86796875 0.1765625 0.1515625
1 0.77734375 0.778125 0.178125 0.1421875
1 0.1703125 0.6984375 0.16875 0.1359375
1 0.47109375 0.72265625 0.1671875 0.134375
1 0.784375 0.57734375 0.1703125 0.13125
1 0.484375 0.521875 0.1671875 0.134375
1 0.21015625 0.4796875 0.171875 0.146875
1 0.253125 0.2828125 0.16875 0.140625
1 0.81328125 0.33828125 0.178125 0.1453125
1 0.54609375 0.30625 0.16875 0.146875
1 0.846875 0.09921875 0.165625 0.140625
1 0.54765625 0.0640625 0.1765625 0.128125
1 0.28359375 0.04609375 0.1640625 0.0921875
1 0.784375 0.9359375 0.196875 0.128125