1 0.4046875 0.90703125 0.190625 0.1625
1 0.1453125 0.85390625 0.1828125 0.1609375
1 0.75234375 0.80625 0.184375 0.15
1 0.15859375 0.6859375 0.1734375 0.14375
1 0.45390625 0.7296875 0.1734375 0.14375
1 0.77265625 0.60859375 0.1734375 0.1375
1 0.48125 0.53359375 0.1734375 0.14375
1 0.2125 0.4734375 0.1765625 0.153125
1 0.26875 0.28125 0.1734375 0.1484375
1 0.81796875 0.37421875 0.184375 0.153125
1 0.55703125 0.32421875 0.175 0.153125
1 0.86796875 0.14140625 0.171875 0.1484375
1 0.5765625 0.07890625 0.184375 0.15
1 0.31640625 0.04921875 0.1703125 0.0984375
1 0.746875 0.94609375 0.203125 0.1078125