1 0.89609375 0.509375 0.1421875 0.175
1 0.90703125 0.2515625 0.1421875 0.16875
1 0.71796875 0.81640625 0.1328125 0.1703125
1 0.74453125 0.2234375 0.1265625 0.159375
1 0.71640625 0.51484375 0.1265625 0.159375
1 0.525 0.7890625 0.121875 0.1609375
1 0.5234375 0.49375 0.1265625 0.159375
1 0.5296875 0.225 0.1375 0.1609375
1 0.33359375 0.2328125 0.1328125 0.159375
1 0.2921875 0.7765625 0.134375 0.1703125
1 0.30625 0.5171875 0.1375 0.159375
1 0.0625 0.76796875 0.125 0.1578125
1 0.06875 0.47734375 0.1328125 0.1703125
1 0.0828125 0.2203125 0.121875 0.1546875
1 0.88046875 0.8515625 0.14375 0.1890625