1 0.54765625 0.90546875 0.18125 0.146875
1 0.81796875 0.8828125 0.171875 0.1453125
1 0.20625 0.759375 0.1765625 0.1375
1 0.8265625 0.7109375 0.165625 0.1296875
1 0.51953125 0.71875 0.165625 0.1296875
1 0.21015625 0.55546875 0.16875 0.125
1 0.51640625 0.51484375 0.165625 0.1296875
1 0.79765625 0.48671875 0.16875 0.140625
1 0.7640625 0.28515625 0.165625 0.1359375
1 0.19375 0.3109375 0.1765625 0.1390625
1 0.465625 0.2921875 0.165625 0.1390625
1 0.171875 0.0734375 0.1625 0.121875
1 0.47578125 0.05390625 0.1734375 0.1078125
1 0.74453125 0.04296875 0.1578125 0.0859375
1 0.1890625 0.9296875 0.19375 0.140625