1 0.89375 0.47890625 0.134375 0.1671875
1 0.89609375 0.7296875 0.1328125 0.159375
1 0.73203125 0.175 0.1234375 0.1609375
1 0.73671875 0.75234375 0.1171875 0.15
1 0.71953125 0.46796875 0.1171875 0.15
1 0.54140625 0.19609375 0.1140625 0.153125
1 0.53125 0.48203125 0.1171875 0.15
1 0.528125 0.74296875 0.1265625 0.1546875
1 0.3390625 0.728125 0.1234375 0.1515625
1 0.31640625 0.1984375 0.1265625 0.1640625
1 0.321875 0.45234375 0.1265625 0.1515625
1 0.08984375 0.19921875 0.1234375 0.1484375
1 0.08984375 0.48203125 0.1234375 0.1609375
1 0.09453125 0.73203125 0.1140625 0.1453125
1 0.890625 0.14609375 0.134375 0.1796875