1 0.9109375 0.51015625 0.159375 0.1921875
1 0.928125 0.2375 0.14375 0.184375
1 0.7046875 0.82421875 0.1484375 0.1859375
1 0.76640625 0.19921875 0.140625 0.1734375
1 0.7203125 0.50546875 0.140625 0.1734375
1 0.503125 0.784375 0.1375 0.175
1 0.5171875 0.471875 0.140625 0.1734375
1 0.53828125 0.18828125 0.153125 0.178125
1 0.33046875 0.1859375 0.146875 0.1734375
1 0.25625 0.7578125 0.1515625 0.1859375
1 0.2859375 0.48515625 0.153125 0.175
1 0.04140625 0.73828125 0.0828125 0.1703125
1 0.05546875 0.43203125 0.1109375 0.1828125
1 0.08203125 0.16015625 0.10625 0.1671875
1 0.875 0.8703125 0.1609375 0.20625