1 0.5046875 0.88671875 0.18125 0.1453125
1 0.77109375 0.896875 0.1734375 0.1453125
1 0.18828125 0.703125 0.1734375 0.1359375
1 0.79921875 0.7296875 0.1640625 0.13125
1 0.49921875 0.7015625 0.1640625 0.1296875
1 0.21640625 0.50390625 0.1671875 0.1265625
1 0.52109375 0.5015625 0.1640625 0.1296875
1 0.7984375 0.5078125 0.16875 0.1421875
1 0.78984375 0.30625 0.1640625 0.1359375
1 0.22890625 0.26328125 0.1734375 0.1390625
1 0.49765625 0.278125 0.165625 0.1421875
1 0.2359375 0.04453125 0.159375 0.0890625
1 0.5359375 0.05 0.171875 0.1
1 0.803125 0.06328125 0.159375 0.096875
1 0.1515625 0.86953125 0.19375 0.146875