1 0.50859375 0.8828125 0.18125 0.1453125
1 0.24140625 0.89375 0.1734375 0.1453125
1 0.825 0.69921875 0.1734375 0.1359375
1 0.2125 0.72578125 0.1640625 0.1296875
1 0.5140625 0.696875 0.1640625 0.1296875
1 0.79609375 0.50078125 0.1671875 0.1265625
1 0.4921875 0.4984375 0.1640625 0.1296875
1 0.2140625 0.5046875 0.16875 0.1421875
1 0.221875 0.30234375 0.1640625 0.1359375
1 0.7828125 0.259375 0.1734375 0.1390625
1 0.515625 0.27421875 0.165625 0.1421875
1 0.7765625 0.04296875 0.159375 0.0859375
1 0.47578125 0.0484375 0.1734375 0.096875
1 0.21171875 0.06015625 0.15625 0.09375
1 0.8609375 0.86640625 0.19375 0.146875