1 0.91875 0.5234375 0.14375 0.1828125
1 0.9046875 0.8015625 0.14375 0.175
1 0.75546875 0.17890625 0.134375 0.1765625
1 0.728125 0.81640625 0.128125 0.1640625
1 0.72578125 0.5015625 0.128125 0.1640625
1 0.54609375 0.18984375 0.121875 0.1671875
1 0.51640625 0.50546875 0.128125 0.1640625
1 0.496875 0.79453125 0.1390625 0.16875
1 0.2890625 0.76796875 0.134375 0.1640625
1 0.29453125 0.18125 0.1359375 0.1765625
1 0.2859375 0.4609375 0.1390625 0.165625
1 0.05703125 0.1671875 0.10625 0.1609375
1 0.046875 0.48046875 0.09375 0.1765625
1 0.040625 0.76015625 0.08125 0.1609375
1 0.93046875 0.15625 0.1390625 0.196875