1 0.89375 0.453125 0.15625 0.190625
1 0.865625 0.734375 0.15625 0.184375
1 0.746875 0.09921875 0.14375 0.175
1 0.68515625 0.73984375 0.1390625 0.1734375
1 0.7 0.4203125 0.1390625 0.1734375
1 0.53359375 0.09375 0.1328125 0.1765625
1 0.48671875 0.41328125 0.1390625 0.1734375
1 0.45234375 0.70546875 0.1484375 0.178125
1 0.24140625 0.6671875 0.14375 0.175
1 0.2796875 0.08203125 0.146875 0.1640625
1 0.25546875 0.35546875 0.1484375 0.175
1 0.0609375 0.06484375 0.071875 0.1296875
1 0.03359375 0.36484375 0.0625 0.1796875
1 0.0171875 0.646875 0.034375 0.165625
1 0.92421875 0.10234375 0.1515625 0.1578125