0 0.0890625 0.89140625 0.0984375 0.0703125
0 0.2453125 0.87734375 0.0921875 0.0703125
0 0.63046875 0.88203125 0.0890625 0.0765625
0 0.42421875 0.87421875 0.0921875 0.0734375
0 0.83359375 0.86875 0.0921875 0.0734375
0 0.1078125 0.7453125 0.0984375 0.0734375
0 0.4296875 0.746875 0.1015625 0.0703125
0 0.2609375 0.73125 0.0921875 0.065625
0 0.62421875 0.7359375 0.0984375 0.06875
0 0.83828125 0.728125 0.0984375 0.0703125
0 0.10234375 0.60625 0.0921875 0.06875
0 0.27421875 0.59609375 0.0921875 0.0734375
0 0.44375 0.5953125 0.084375 0.065625
0 0.63046875 0.5984375 0.0890625 0.065625
0 0.821875 0.58828125 0.0921875 0.0703125
1 0.24375 0.4484375 0.1078125 0.0796875
1 0.42578125 0.44609375 0.1140625 0.084375
1 0.0953125 0.43671875 0.1046875 0.0828125
1 0.615625 0.44453125 0.103125 0.084375
1 0.84453125 0.44453125 0.121875 0.0875
1 0.09921875 0.30546875 0.1140625 0.0875
1 0.4265625 0.30703125 0.1109375 0.084375
1 0.2515625 0.29609375 0.1140625 0.084375
1 0.84375 0.30546875 0.1171875 0.0828125
1 0.61640625 0.29140625 0.1140625 0.0875
1 0.4140625 0.15859375 0.1109375 0.0828125
1 0.61953125 0.1546875 0.1109375 0.0828125
1 0.2390625 0.1453125 0.1140625 0.0828125
1 0.84296875 0.153125 0.1140625 0.0875
1 0.09453125 0.13203125 0.1203125 0.0828125