0 0.971875 0.17265625 0.05625 0.0703125
0 0.83828125 0.1875 0.09375 0.071875
0 0.45546875 0.1765625 0.09375 0.078125
0 0.66015625 0.1875 0.09375 0.075
0 0.253125 0.184375 0.09375 0.075
0 0.9609375 0.3203125 0.078125 0.075
0 0.6515625 0.3140625 0.1 0.071875
0 0.8203125 0.33046875 0.0921875 0.0671875
0 0.45859375 0.31875 0.0984375 0.06875
0 0.2453125 0.32421875 0.1 0.075
0 0.9625 0.4578125 0.075 0.071875
0 0.8046875 0.4671875 0.09375 0.075
0 0.6359375 0.4625 0.084375 0.0671875
0 0.45 0.45859375 0.0890625 0.0671875
0 0.25859375 0.46484375 0.09375 0.071875
1 0.83125 0.61171875 0.109375 0.08125
1 0.65 0.61015625 0.115625 0.0859375
1 0.96171875 0.628125 0.071875 0.0828125
1 0.46171875 0.61171875 0.103125 0.0859375
1 0.234375 0.6046875 0.121875 0.0890625
1 0.95390625 0.7578125 0.078125 0.0875
1 0.646875 0.7484375 0.1125 0.0859375
1 0.8203125 0.7640625 0.115625 0.0828125
1 0.23203125 0.74296875 0.1171875 0.084375
1 0.45859375 0.76171875 0.115625 0.0875
1 0.6578125 0.89921875 0.1125 0.0828125
1 0.45234375 0.9 0.1125 0.0828125
1 0.83203125 0.915625 0.115625 0.0828125
1 0.23046875 0.89765625 0.115625 0.0875
1 0.95078125 0.92734375 0.071875 0.0828125