0 0.03984375 0.88828125 0.0796875 0.1046875
0 0.07734375 0.7359375 0.0796875 0.0984375
0 0.12734375 0.35390625 0.0859375 0.0984375
0 0.10625 0.559375 0.0828125 0.0984375
0 0.1671875 0.1546875 0.0828125 0.0984375
0 0.1890625 0.88984375 0.0828125 0.1046875
0 0.23203125 0.57109375 0.0796875 0.1078125
0 0.22265625 0.740625 0.075 0.0984375
0 0.26796875 0.38046875 0.078125 0.1046875
0 0.3078125 0.16953125 0.0828125 0.1046875
0 0.32578125 0.9140625 0.0796875 0.1015625
0 0.36015625 0.746875 0.0828125 0.0984375
0 0.3828125 0.578125 0.0734375 0.090625
0 0.40859375 0.39375 0.075 0.0953125
0 0.44453125 0.20546875 0.0796875 0.0984375
1 0.5 0.79609375 0.090625 0.115625
1 0.52734375 0.61640625 0.0953125 0.121875
1 0.49375 0.94375 0.09375 0.1125
1 0.55859375 0.42890625 0.0953125 0.1109375
1 0.5875 0.20234375 0.1 0.1296875
1 0.62265625 0.94921875 0.0984375 0.1015625
1 0.665625 0.634375 0.0953125 0.11875
1 0.653125 0.81015625 0.09375 0.121875
1 0.725 0.22265625 0.0953125 0.125
1 0.70859375 0.45 0.0984375 0.121875
1 0.81328125 0.66875 0.09375 0.11875
1 0.846875 0.465625 0.09375 0.11875
1 0.80234375 0.84375 0.09375 0.121875
1 0.878125 0.2453125 0.0984375 0.121875
1 0.7921875 0.9625 0.09375 0.075