0 0.05 0.18671875 0.09375 0.071875
0 0.1921875 0.18671875 0.0890625 0.0703125
0 0.54296875 0.15234375 0.0875 0.0765625
0 0.35625 0.17578125 0.0890625 0.0734375
0 0.728125 0.1484375 0.0890625 0.0734375
0 0.07890625 0.3171875 0.09375 0.075
0 0.37109375 0.290625 0.096875 0.071875
0 0.21875 0.31875 0.0890625 0.0671875
0 0.54921875 0.28515625 0.09375 0.0703125
0 0.74375 0.27578125 0.09375 0.071875
0 0.08515625 0.44453125 0.0890625 0.06875
0 0.240625 0.43984375 0.0890625 0.0734375
0 0.39609375 0.42734375 0.08125 0.0671875
0 0.56484375 0.41015625 0.0875 0.0671875
0 0.73984375 0.403125 0.0890625 0.0703125
1 0.22578125 0.5765625 0.103125 0.08125
1 0.39140625 0.5640625 0.1109375 0.0859375
1 0.0921875 0.59921875 0.103125 0.0828125
1 0.5640625 0.55078125 0.1015625 0.084375
1 0.771875 0.5328125 0.1171875 0.0890625
1 0.10546875 0.71796875 0.1109375 0.0890625
1 0.40390625 0.68984375 0.1078125 0.084375
1 0.2453125 0.71484375 0.1109375 0.0859375
1 0.7828125 0.65859375 0.1125 0.084375
1 0.5765625 0.690625 0.1109375 0.0890625
1 0.403125 0.8265625 0.1078125 0.0828125
1 0.590625 0.8140625 0.1078125 0.0828125
1 0.24453125 0.853125 0.1109375 0.084375
1 0.79375 0.79765625 0.1109375 0.0890625
1 0.115625 0.8765625 0.1140625 0.084375