0 0.80234375 0.02265625 0.0796875 0.0453125
0 0.81015625 0.14296875 0.078125 0.096875
0 0.86484375 0.5078125 0.084375 0.0953125
0 0.83125 0.31328125 0.08125 0.096875
0 0.87890625 0.70078125 0.08125 0.096875
0 0.66640625 0.04140625 0.0828125 0.0828125
0 0.7109375 0.3359375 0.0796875 0.103125
0 0.6734375 0.178125 0.0734375 0.0953125
0 0.7265625 0.52109375 0.078125 0.1015625
0 0.74765625 0.72421875 0.0796875 0.1015625
0 0.53515625 0.046875 0.0765625 0.09375
0 0.54765625 0.20859375 0.08125 0.096875
0 0.56953125 0.36875 0.071875 0.0859375
0 0.59765625 0.5453125 0.0734375 0.0921875
0 0.61328125 0.72734375 0.078125 0.096875
1 0.4046875 0.2 0.090625 0.1140625
1 0.4265625 0.37265625 0.09375 0.1171875
1 0.3734375 0.0625 0.090625 0.1078125
1 0.45078125 0.55234375 0.0921875 0.1078125
1 0.48046875 0.76796875 0.0984375 0.1265625
1 0.25078125 0.084375 0.096875 0.1125
1 0.2953125 0.39140625 0.09375 0.115625
1 0.26171875 0.22734375 0.09375 0.1171875
1 0.34921875 0.7859375 0.0921875 0.1203125
1 0.3046875 0.571875 0.096875 0.1171875
1 0.153125 0.3984375 0.0921875 0.115625
1 0.1765625 0.59375 0.0921875 0.115625
1 0.1171875 0.23515625 0.0921875 0.1171875
1 0.2046875 0.80546875 0.096875 0.11875
1 0.08671875 0.10859375 0.090625 0.1078125