0 0.91875 0.8515625 0.0890625 0.0640625
0 0.77734375 0.8390625 0.084375 0.0640625
0 0.42578125 0.84296875 0.084375 0.0703125
0 0.61328125 0.8359375 0.084375 0.0671875
0 0.23984375 0.83046875 0.084375 0.0671875
0 0.9015625 0.71875 0.0890625 0.0671875
0 0.6078125 0.7203125 0.0921875 0.0640625
0 0.7625 0.7046875 0.084375 0.0609375
0 0.43046875 0.71015625 0.0890625 0.0625
0 0.23515625 0.70234375 0.0890625 0.0640625
0 0.90625 0.590625 0.084375 0.0640625
0 0.75 0.58046875 0.084375 0.0640625
0 0.5953125 0.58125 0.0765625 0.0609375
0 0.425 0.584375 0.0828125 0.0609375
0 0.25 0.57578125 0.084375 0.0640625
1 0.77734375 0.44765625 0.0984375 0.0734375
1 0.61171875 0.4453125 0.1046875 0.0765625
1 0.9125 0.43671875 0.096875 0.075
1 0.43828125 0.44375 0.0953125 0.0765625
1 0.2296875 0.44375 0.1109375 0.0796875
1 0.909375 0.3171875 0.1046875 0.0796875
1 0.61015625 0.31953125 0.1015625 0.0765625
1 0.7703125 0.3078125 0.1046875 0.075
1 0.2296875 0.3171875 0.10625 0.075
1 0.43828125 0.303125 0.1046875 0.0796875
1 0.6234375 0.1828125 0.0984375 0.075
1 0.43515625 0.17890625 0.1015625 0.075
1 0.78203125 0.17109375 0.1046875 0.075
1 0.23125 0.178125 0.1046875 0.0796875
1 0.91328125 0.15859375 0.1078125 0.075