0 0.959375 0.85546875 0.08125 0.1046875
0 0.91640625 0.7125 0.08125 0.0984375
0 0.85 0.346875 0.0859375 0.0984375
0 0.88046875 0.54296875 0.0828125 0.0984375
0 0.80234375 0.15625 0.0828125 0.0984375
0 0.81640625 0.865625 0.084375 0.1046875
0 0.759375 0.5609375 0.0828125 0.10625
0 0.77734375 0.7234375 0.0765625 0.096875
0 0.715625 0.378125 0.0796875 0.103125
0 0.6671875 0.178125 0.084375 0.1046875
0 0.68671875 0.89453125 0.08125 0.1015625
0 0.64453125 0.7359375 0.0828125 0.0984375
0 0.615625 0.575 0.075 0.0890625
0 0.58125 0.39765625 0.0765625 0.09375
0 0.53671875 0.21875 0.08125 0.0984375
1 0.51328125 0.790625 0.0921875 0.1140625
1 0.478125 0.61875 0.096875 0.121875
1 0.5265625 0.934375 0.09375 0.1125
1 0.4390625 0.43984375 0.0953125 0.109375
1 0.39921875 0.2234375 0.1015625 0.128125
1 0.4015625 0.946875 0.1 0.10625
1 0.34609375 0.64375 0.096875 0.11875
1 0.36640625 0.81171875 0.0953125 0.121875
1 0.2671875 0.24921875 0.096875 0.1234375
1 0.2953125 0.46796875 0.1 0.121875
1 0.20546875 0.684375 0.0953125 0.11875
1 0.16328125 0.490625 0.0953125 0.11875
1 0.22421875 0.85234375 0.0953125 0.121875
1 0.1203125 0.27890625 0.1 0.121875
1 0.240625 0.9640625 0.096875 0.071875