0 0.03515625 0.090625 0.0703125 0.09375
0 0.06640625 0.23828125 0.078125 0.096875
0 0.10859375 0.61875 0.084375 0.0984375
0 0.09140625 0.41484375 0.08125 0.096875
0 0.14453125 0.81796875 0.08125 0.096875
0 0.1796875 0.08671875 0.08125 0.103125
0 0.2171875 0.40546875 0.078125 0.1046875
0 0.21015625 0.23671875 0.0734375 0.096875
0 0.24921875 0.59609375 0.075 0.103125
0 0.284375 0.80625 0.08125 0.1015625
0 0.315625 0.06640625 0.078125 0.1
0 0.34765625 0.23203125 0.08125 0.096875
0 0.36640625 0.4 0.071875 0.0890625
0 0.3890625 0.58515625 0.0734375 0.09375
0 0.421875 0.77265625 0.078125 0.096875
1 0.4875 0.18515625 0.0890625 0.1140625
1 0.5109375 0.365625 0.09375 0.1203125
1 0.48359375 0.046875 0.0890625 0.09375
1 0.5390625 0.5515625 0.0921875 0.1078125
1 0.5640625 0.778125 0.096875 0.1265625
1 0.61328125 0.0421875 0.0953125 0.084375
1 0.6484375 0.34921875 0.09375 0.1171875
1 0.63984375 0.175 0.090625 0.1203125
1 0.70078125 0.7609375 0.090625 0.121875
1 0.68828125 0.53359375 0.0953125 0.1203125
1 0.796875 0.31796875 0.090625 0.1171875
1 0.82578125 0.52109375 0.090625 0.1171875
1 0.78828125 0.14375 0.090625 0.1203125
1 0.8546875 0.740625 0.0953125 0.1203125
1 0.78359375 0.03125 0.0890625 0.0625