0 0.90078125 0.871875 0.0890625 0.065625
0 0.75859375 0.85546875 0.0859375 0.065625
0 0.40390625 0.84609375 0.0828125 0.0703125
0 0.59453125 0.84609375 0.0859375 0.0671875
0 0.2203125 0.82734375 0.0859375 0.0671875
0 0.88828125 0.73828125 0.0890625 0.0671875
0 0.59296875 0.7296875 0.0921875 0.065625
0 0.7484375 0.7203125 0.0859375 0.0609375
0 0.41484375 0.71328125 0.0890625 0.0625
0 0.21953125 0.6984375 0.0890625 0.065625
0 0.89765625 0.6109375 0.0859375 0.0625
0 0.74140625 0.59609375 0.0859375 0.0671875
0 0.58515625 0.58984375 0.0765625 0.0609375
0 0.4140625 0.58671875 0.0828125 0.0609375
0 0.23828125 0.57109375 0.0859375 0.065625
1 0.77265625 0.46171875 0.0984375 0.0734375
1 0.60625 0.45390625 0.1046875 0.0765625
1 0.90859375 0.45546875 0.096875 0.075
1 0.43203125 0.44609375 0.0953125 0.0765625
1 0.22265625 0.4390625 0.1109375 0.0796875
1 0.91015625 0.33515625 0.1046875 0.0796875
1 0.609375 0.3265625 0.1015625 0.0765625
1 0.7703125 0.321875 0.1046875 0.0765625
1 0.22734375 0.31171875 0.1078125 0.075
1 0.43671875 0.30546875 0.1046875 0.0796875
1 0.6265625 0.19140625 0.1015625 0.075
1 0.43828125 0.18046875 0.1015625 0.075
1 0.7875 0.18359375 0.1046875 0.075
1 0.23359375 0.171875 0.1046875 0.0796875
1 0.91953125 0.17578125 0.109375 0.075