0 0.046875 0.96796875 0.0734375 0.0359375
0 0.0671875 0.8421875 0.075 0.096875
0 0.08359375 0.4453125 0.0796875 0.09375
0 0.08125 0.65859375 0.078125 0.096875
0 0.10859375 0.2390625 0.078125 0.096875
0 0.196875 0.96484375 0.0765625 0.053125
0 0.21171875 0.65859375 0.075 0.1046875
0 0.21875 0.834375 0.06875 0.0953125
0 0.23359375 0.46015625 0.071875 0.1015625
0 0.253125 0.24140625 0.075 0.103125
0 0.3390625 0.975 0.0703125 0.0421875
0 0.3578125 0.82734375 0.078125 0.096875
0 0.36796875 0.653125 0.06875 0.0859375
0 0.375 0.4609375 0.06875 0.0921875
0 0.3953125 0.265625 0.075 0.096875
1 0.5078125 0.86640625 0.0828125 0.1125
1 0.51953125 0.6796875 0.0890625 0.11875
1 0.51328125 0.98125 0.0828125 0.0375
1 0.53203125 0.484375 0.0875 0.1078125
1 0.54453125 0.25 0.0921875 0.1265625
1 0.64765625 0.98125 0.0890625 0.0375
1 0.6625 0.68515625 0.0875 0.115625
1 0.66484375 0.86640625 0.0890625 0.11875
1 0.6875 0.2578125 0.0859375 0.121875
1 0.68984375 0.4921875 0.0921875 0.11875
1 0.8140625 0.70703125 0.084375 0.115625
1 0.8296875 0.496875 0.084375 0.115625
1 0.81875 0.88828125 0.0859375 0.11875
1 0.84375 0.2671875 0.0921875 0.11875
1 0.82578125 0.98671875 0.0828125 0.0265625