0 0.125 0.88828125 0.0921875 0.0703125
0 0.26484375 0.8609375 0.0875 0.06875
0 0.6140625 0.828125 0.0890625 0.075
0 0.42734375 0.840625 0.0875 0.071875
0 0.7984375 0.79609375 0.0875 0.071875
0 0.128125 0.7546875 0.0921875 0.0734375
0 0.42109375 0.725 0.0953125 0.0703125
0 0.26484375 0.72578125 0.0875 0.065625
0 0.5953125 0.69609375 0.0921875 0.06875
0 0.7890625 0.66875 0.0921875 0.0703125
0 0.109375 0.62734375 0.0875 0.06875
0 0.2640625 0.6015625 0.0875 0.06875
0 0.41796875 0.5859375 0.0796875 0.065625
0 0.58828125 0.5703125 0.0859375 0.065625
0 0.7609375 0.54296875 0.0875 0.06875
1 0.22265625 0.471875 0.103125 0.0796875
1 0.38828125 0.45234375 0.109375 0.084375
1 0.0875 0.475 0.1015625 0.08125
1 0.56015625 0.43203125 0.1 0.0828125
1 0.7671875 0.4109375 0.115625 0.0875
1 0.07890625 0.35546875 0.109375 0.0875
1 0.37578125 0.32578125 0.10625 0.0828125
1 0.21640625 0.33125 0.109375 0.0828125
1 0.75390625 0.284375 0.1109375 0.0828125
1 0.5453125 0.29296875 0.109375 0.0875
1 0.3484375 0.1921875 0.103125 0.08125
1 0.5359375 0.16875 0.10625 0.08125
1 0.18984375 0.196875 0.109375 0.0828125
1 0.73828125 0.14609375 0.109375 0.0875
1 0.05703125 0.1984375 0.1125 0.0828125