0 0.8375 0.075 0.0703125 0.09375
0 0.83046875 0.22109375 0.0703125 0.0875
0 0.84609375 0.58359375 0.075 0.0859375
0 0.8328125 0.38984375 0.0734375 0.0875
0 0.83984375 0.77421875 0.0734375 0.0890625
0 0.7015625 0.096875 0.0734375 0.09375
0 0.7140625 0.4 0.0703125 0.096875
0 0.69296875 0.24140625 0.0640625 0.0875
0 0.709375 0.58203125 0.0671875 0.09375
0 0.70859375 0.78359375 0.0703125 0.09375
0 0.5703125 0.096875 0.0671875 0.0875
0 0.56640625 0.25703125 0.0734375 0.0875
0 0.57109375 0.4171875 0.0640625 0.08125
0 0.5796875 0.59296875 0.0640625 0.0859375
0 0.5765625 0.77265625 0.0703125 0.0875
1 0.4265625 0.234375 0.0765625 0.103125
1 0.43125 0.40546875 0.0828125 0.1109375
1 0.4109375 0.0953125 0.0796875 0.1
1 0.4359375 0.58359375 0.0828125 0.1
1 0.44296875 0.7984375 0.0875 0.1171875
1 0.28828125 0.103125 0.0859375 0.1109375
1 0.30078125 0.4109375 0.0828125 0.1078125
1 0.284375 0.246875 0.0828125 0.1109375
1 0.31171875 0.803125 0.08125 0.1109375
1 0.29140625 0.5890625 0.0859375 0.1109375
1 0.16015625 0.40390625 0.0796875 0.10625
1 0.16328125 0.596875 0.0796875 0.10625
1 0.14140625 0.23984375 0.0796875 0.109375
1 0.16875 0.80703125 0.0859375 0.1109375
1 0.125 0.10390625 0.08125 0.1140625