0 0.88515625 0.11484375 0.071875 0.096875
0 0.85625 0.26171875 0.071875 0.0921875
0 0.82890625 0.628125 0.078125 0.0921875
0 0.83828125 0.43125 0.075 0.0921875
0 0.80078125 0.8203125 0.075 0.0921875
0 0.74296875 0.1203125 0.075 0.096875
0 0.7171875 0.4265625 0.071875 0.0984375
0 0.71875 0.26484375 0.0671875 0.0921875
0 0.69296875 0.6109375 0.0703125 0.096875
0 0.66640625 0.81328125 0.075 0.096875
0 0.6125 0.10546875 0.071875 0.09375
0 0.58671875 0.265625 0.075 0.0921875
0 0.57421875 0.4265625 0.065625 0.0828125
0 0.559375 0.60546875 0.0671875 0.0890625
0 0.534375 0.7859375 0.071875 0.0921875
1 0.45078125 0.22578125 0.08125 0.1078125
1 0.434375 0.3984375 0.0859375 0.1109375
1 0.45 0.08359375 0.0828125 0.1046875
1 0.4140625 0.57890625 0.084375 0.1015625
1 0.39765625 0.79609375 0.0890625 0.1203125
1 0.325 0.07578125 0.0890625 0.1109375
1 0.3015625 0.3875 0.0859375 0.109375
1 0.3046875 0.2203125 0.084375 0.1109375
1 0.265625 0.784375 0.084375 0.1140625
1 0.2703125 0.565625 0.0890625 0.1109375
1 0.159375 0.3625 0.084375 0.109375
1 0.13828125 0.5578125 0.084375 0.109375
1 0.1609375 0.1953125 0.084375 0.1109375
1 0.11796875 0.7703125 0.0890625 0.1125
1 0.1625 0.0578125 0.084375 0.115625