0 0.09765625 0.1359375 0.0734375 0.09375
0 0.13203125 0.2734375 0.071875 0.0890625
0 0.17734375 0.62109375 0.078125 0.090625
0 0.1578125 0.434375 0.075 0.090625
0 0.2125 0.80234375 0.075 0.090625
0 0.23359375 0.134375 0.0765625 0.0953125
0 0.27265625 0.42421875 0.0734375 0.096875
0 0.2640625 0.2703125 0.06875 0.0890625
0 0.3046875 0.596875 0.071875 0.09375
0 0.34140625 0.7890625 0.0765625 0.0953125
0 0.35703125 0.11328125 0.071875 0.090625
0 0.3890625 0.2640625 0.075 0.090625
0 0.40859375 0.41640625 0.06875 0.08125
0 0.4328125 0.58515625 0.06875 0.0875
0 0.465625 0.75625 0.071875 0.0890625
1 0.515625 0.21953125 0.08125 0.1046875
1 0.540625 0.3828125 0.0875 0.109375
1 0.51015625 0.08359375 0.0828125 0.1015625
1 0.56875 0.553125 0.0859375 0.1
1 0.5953125 0.75859375 0.090625 0.11875
1 0.628125 0.07109375 0.090625 0.1109375
1 0.665625 0.36640625 0.0859375 0.1078125
1 0.6546875 0.20703125 0.084375 0.109375
1 0.7203125 0.740625 0.084375 0.1125
1 0.7046875 0.53359375 0.090625 0.1109375
1 0.8 0.33515625 0.0828125 0.1078125
1 0.8296875 0.51953125 0.0828125 0.1078125
1 0.78984375 0.17578125 0.084375 0.109375
1 0.86015625 0.7203125 0.090625 0.1109375
1 0.78125 0.05078125 0.084375 0.1015625