0 0.128125 0.90390625 0.0671875 0.0890625
0 0.14765625 0.76171875 0.0671875 0.0859375
0 0.1625 0.41015625 0.071875 0.0875
0 0.159375 0.5984375 0.06875 0.0859375
0 0.184375 0.22421875 0.06875 0.0859375
0 0.26171875 0.89453125 0.06875 0.0890625
0 0.27578125 0.5984375 0.0671875 0.0921875
0 0.28203125 0.7546875 0.0625 0.0859375
0 0.2953125 0.421875 0.0640625 0.0890625
0 0.31328125 0.22578125 0.0671875 0.0890625
0 0.390625 0.90546875 0.0671875 0.0859375
0 0.4078125 0.74921875 0.0671875 0.0859375
0 0.415625 0.59375 0.0625 0.0765625
0 0.42109375 0.421875 0.0625 0.0828125
0 0.43984375 0.24765625 0.0671875 0.0859375
1 0.53984375 0.78359375 0.075 0.1
1 0.5515625 0.61640625 0.078125 0.10625
1 0.54375 0.91953125 0.0765625 0.0984375
1 0.5625 0.44375 0.078125 0.096875
1 0.5734375 0.23359375 0.08125 0.1125
1 0.6640625 0.92265625 0.08125 0.10625
1 0.67890625 0.62265625 0.078125 0.103125
1 0.68125 0.78359375 0.0765625 0.10625
1 0.70078125 0.24140625 0.0765625 0.109375
1 0.70234375 0.45078125 0.08125 0.10625
1 0.8140625 0.64296875 0.0765625 0.1
1 0.82734375 0.45390625 0.0765625 0.103125
1 0.81796875 0.80234375 0.0765625 0.10625
1 0.83984375 0.24921875 0.08125 0.10625
1 0.8234375 0.9359375 0.0765625 0.1109375