0 0.57890625 0.228125 0.0921875 0.0703125
1 0.04296875 0.31796875 0.0859375 0.0703125
0 0.2375 0.2921875 0.0890625 0.065625
0 0.41015625 0.26484375 0.0921875 0.065625
0 0.59296875 0.30234375 0.0953125 0.0609375
1 0.04921875 0.39140625 0.0984375 0.0765625
0 0.4078125 0.33984375 0.096875 0.065625
0 0.23046875 0.3734375 0.096875 0.065625
0 0.625 0.3953125 0.1046875 0.071875
1 0.03359375 0.49453125 0.0671875 0.0828125
0 0.44921875 0.43125 0.1015625 0.071875
0 0.23203125 0.4734375 0.1046875 0.0765625
0 0.46328125 0.5640625 0.1171875 0.0890625
0 0.69296875 0.52890625 0.125 0.0875
1 0.03203125 0.6328125 0.05 0.1046875
0 0.23984375 0.6046875 0.1171875 0.09375
0 0.22421875 0.790625 0.1421875 0.11875
0 0.73984375 0.7109375 0.1328125 0.1109375
0 0.48203125 0.7546875 0.1328125 0.1109375