0 0.39140625 0.2609375 0.0953125 0.071875
1 0.93828125 0.18828125 0.053125 0.0609375
0 0.75546875 0.22109375 0.0921875 0.0671875
0 0.5734375 0.246875 0.09375 0.0671875
0 0.39921875 0.34140625 0.1 0.0625
1 0.94921875 0.26640625 0.053125 0.06875
0 0.59765625 0.32109375 0.1 0.06875
0 0.7875 0.3 0.1 0.06875
0 0.39609375 0.4453125 0.1109375 0.075
0 0.584375 0.4265625 0.1078125 0.075
0 0.8171875 0.40234375 0.1109375 0.0796875
0 0.6109375 0.565625 0.121875 0.09375
0 0.36875 0.60078125 0.13125 0.090625
0 0.85 0.5375 0.1234375 0.0984375
0 0.92265625 0.71953125 0.146875 0.121875
0 0.37734375 0.79921875 0.140625 0.1171875
0 0.6515625 0.76328125 0.140625 0.1171875