0 0.7453125 0.3140625 0.0640625 0.0875
1 0.78203125 0.8734375 0.0609375 0.1125
0 0.759375 0.6625 0.059375 0.084375
0 0.74765625 0.48828125 0.059375 0.0875
0 0.66875 0.31640625 0.053125 0.09375
1 0.7078125 0.88046875 0.0671875 0.115625
0 0.67421875 0.50625 0.059375 0.09375
0 0.68203125 0.6875 0.059375 0.09375
0 0.57109375 0.30625 0.0640625 0.1
1 0.609375 0.93671875 0.08125 0.11875
0 0.57578125 0.48671875 0.0640625 0.096875
0 0.58359375 0.709375 0.06875 0.1015625
0 0.4421875 0.50234375 0.08125 0.1125
0 0.42421875 0.2703125 0.0796875 0.1203125
1 0.47421875 0.96015625 0.1046875 0.0796875
0 0.45234375 0.73125 0.0859375 0.1125
0 0.275 0.7890625 0.109375 0.134375
0 0.23515625 0.265625 0.1015625 0.128125
0 0.2515625 0.52734375 0.1015625 0.128125