0 0.22578125 0.7453125 0.071875 0.09375
1 0.1390625 0.17890625 0.0703125 0.11875
0 0.18046875 0.39140625 0.0671875 0.0921875
0 0.20859375 0.56796875 0.065625 0.09375
0 0.303125 0.73515625 0.0625 0.096875
1 0.21484375 0.165625 0.0796875 0.1234375
0 0.28046875 0.54296875 0.0671875 0.0984375
0 0.25703125 0.35859375 0.06875 0.0984375
0 0.40390625 0.73671875 0.075 0.1078125
1 0.3078125 0.09609375 0.09375 0.1328125
0 0.38359375 0.55390625 0.0734375 0.1046875
0 0.35546875 0.328125 0.0796875 0.109375
0 0.5171875 0.52578125 0.090625 0.1203125
0 0.55625 0.7609375 0.0890625 0.128125
1 0.44453125 0.05390625 0.1171875 0.1078125
0 0.48671875 0.29375 0.096875 0.1203125
0 0.6625 0.21953125 0.121875 0.1453125
0 0.74921875 0.74921875 0.115625 0.1375
0 0.709375 0.48359375 0.115625 0.1375