0 0.39375 0.784375 0.0859375 0.059375
1 0.95 0.77265625 0.1 0.0546875
0 0.74375 0.76875 0.0828125 0.0546875
0 0.56796875 0.771875 0.0859375 0.0546875
0 0.38984375 0.70859375 0.090625 0.0484375
1 0.94921875 0.696875 0.1015625 0.0625
0 0.5796875 0.696875 0.0921875 0.0546875
0 0.7625 0.68828125 0.0921875 0.0546875
0 0.3703125 0.6109375 0.0984375 0.059375
1 0.9734375 0.59453125 0.053125 0.0765625
0 0.5515625 0.6 0.096875 0.059375
0 0.775 0.58828125 0.0984375 0.0640625
0 0.55625 0.46484375 0.1109375 0.0765625
0 0.321875 0.4671875 0.1171875 0.0734375
0 0.7859375 0.45546875 0.1109375 0.08125
0 0.828125 0.27265625 0.13125 0.103125
0 0.3 0.278125 0.1234375 0.096875
0 0.56484375 0.271875 0.1234375 0.096875