0 0.3796875 0.73046875 0.0828125 0.059375
1 0.91484375 0.709375 0.1078125 0.053125
0 0.7125 0.709375 0.0796875 0.053125
0 0.5453125 0.71484375 0.0828125 0.053125
0 0.375 0.6578125 0.0859375 0.0484375
1 0.91328125 0.63828125 0.109375 0.0609375
0 0.5546875 0.64453125 0.0859375 0.053125
0 0.728125 0.6328125 0.0859375 0.053125
0 0.35546875 0.565625 0.0953125 0.059375
1 0.95078125 0.53984375 0.0984375 0.0734375
0 0.5265625 0.55234375 0.0921875 0.059375
0 0.7390625 0.53671875 0.0953125 0.0625
0 0.52890625 0.42421875 0.10625 0.0734375
0 0.30703125 0.43046875 0.1125 0.071875
1 0.9640625 0.40859375 0.06875 0.096875
0 0.746875 0.4109375 0.10625 0.078125
0 0.78359375 0.2359375 0.1265625 0.1
0 0.2828125 0.2515625 0.11875 0.0953125
0 0.53359375 0.23984375 0.11875 0.0953125