0 0.26015625 0.65859375 0.071875 0.0953125
1 0.34453125 0.0765625 0.071875 0.121875
0 0.321875 0.29765625 0.0671875 0.0921875
0 0.29609375 0.4796875 0.0671875 0.09375
0 0.3390625 0.6734375 0.0625 0.1
1 0.4234375 0.0859375 0.078125 0.1265625
0 0.375 0.4765625 0.06875 0.1
0 0.40625 0.2890625 0.06875 0.1
0 0.43828125 0.7046875 0.075 0.1109375
1 0.53515625 0.05625 0.0921875 0.1125
0 0.471875 0.51796875 0.075 0.1078125
0 0.51328125 0.2890625 0.0796875 0.1109375
0 0.61328125 0.53125 0.09375 0.121875
0 0.5796875 0.7734375 0.090625 0.13125
1 0.68203125 0.05703125 0.1140625 0.0859375
0 0.65234375 0.29453125 0.0984375 0.1234375
0 0.84765625 0.27421875 0.121875 0.146875
0 0.77265625 0.8203125 0.1171875 0.140625
0 0.8140625 0.54765625 0.1171875 0.140625