0 0.62890625 0.26484375 0.078125 0.053125
1 0.11171875 0.2671875 0.1015625 0.0484375
0 0.30703125 0.27421875 0.075 0.0484375
0 0.46875 0.27421875 0.078125 0.0484375
0 0.63125 0.33515625 0.0828125 0.04375
1 0.11015625 0.3359375 0.1046875 0.05625
0 0.45625 0.3421875 0.0828125 0.0484375
0 0.2890625 0.346875 0.0828125 0.0484375
0 0.646875 0.425 0.090625 0.053125
1 0.06171875 0.4296875 0.109375 0.06875
0 0.48046875 0.43203125 0.0875 0.053125
0 0.27578125 0.4390625 0.090625 0.059375
0 0.47421875 0.55546875 0.1 0.06875
0 0.6890625 0.55703125 0.10625 0.065625
1 0.04296875 0.55546875 0.0859375 0.0921875
0 0.26328125 0.5609375 0.1 0.071875
0 0.221875 0.728125 0.11875 0.0921875
0 0.70625 0.73046875 0.1125 0.0875
0 0.46328125 0.7328125 0.1125 0.0875