0 0.7203125 0.35390625 0.0578125 0.0828125
1 0.70859375 0.89453125 0.0515625 0.1078125
0 0.7046875 0.690625 0.0515625 0.0796875
0 0.7078125 0.521875 0.0515625 0.0828125
0 0.646875 0.35 0.046875 0.0859375
1 0.63671875 0.89453125 0.0609375 0.1109375
0 0.6359375 0.5328125 0.0515625 0.0875
0 0.628125 0.7078125 0.0515625 0.0875
0 0.55390625 0.33203125 0.0578125 0.0953125
1 0.53671875 0.94296875 0.0734375 0.1140625
0 0.54296875 0.50546875 0.0578125 0.0921875
0 0.53125 0.7203125 0.0625 0.0953125
0 0.4140625 0.51015625 0.0734375 0.1046875
0 0.41640625 0.28515625 0.0703125 0.1140625
1 0.40625 0.9578125 0.0984375 0.0828125
0 0.4046875 0.73046875 0.0765625 0.1046875
0 0.22890625 0.7703125 0.0984375 0.125
0 0.23515625 0.2640625 0.0921875 0.1171875
0 0.228125 0.51796875 0.0921875 0.1171875