0 0.22109375 0.25390625 0.09375 0.1328125
0 0.23984375 0.53671875 0.1 0.13125
0 0.25 0.80078125 0.1 0.1375
0 0.40859375 0.25546875 0.1 0.134375
0 0.41953125 0.509375 0.1 0.1328125
0 0.43203125 0.80859375 0.103125 0.1328125
0 0.634375 0.53125 0.1015625 0.140625
0 0.634375 0.234375 0.10625 0.13125
0 0.640625 0.80078125 0.103125 0.1328125
0 0.86953125 0.8359375 0.103125 0.1359375
0 0.87734375 0.26171875 0.109375 0.1375
0 0.8828125 0.546875 0.109375 0.146875
0 0.05703125 0.234375 0.1 0.125
0 0.07265625 0.77890625 0.1 0.1359375
0 0.07578125 0.50546875 0.1 0.13125