0 0.7625 0.25859375 0.103125 0.1421875
0 0.73828125 0.559375 0.109375 0.140625
0 0.721875 0.84140625 0.109375 0.1484375
0 0.5625 0.25625 0.109375 0.1453125
0 0.54609375 0.52734375 0.109375 0.1421875
0 0.52734375 0.846875 0.1140625 0.1421875
0 0.3171875 0.546875 0.1125 0.1515625
0 0.32265625 0.23046875 0.1171875 0.140625
0 0.3046875 0.834375 0.1140625 0.1421875
0 0.06015625 0.8671875 0.1140625 0.1453125
0 0.0625 0.2546875 0.11875 0.1484375
0 0.05546875 0.5578125 0.1109375 0.15625
0 0.93828125 0.24140625 0.1078125 0.1359375
0 0.9109375 0.82109375 0.109375 0.1453125
0 0.91328125 0.52890625 0.109375 0.140625