0 0.2125 0.2375 0.1015625 0.140625
0 0.22578125 0.53359375 0.10625 0.1390625
0 0.23203125 0.8109375 0.1078125 0.1453125
0 0.409375 0.24140625 0.1078125 0.14375
0 0.415625 0.5078125 0.10625 0.140625
0 0.4234375 0.821875 0.1125 0.140625
0 0.63984375 0.53515625 0.109375 0.1484375
0 0.646875 0.2234375 0.1125 0.1390625
0 0.6421875 0.81953125 0.1125 0.1390625
0 0.88203125 0.859375 0.1125 0.14375
0 0.90078125 0.25703125 0.11875 0.146875
0 0.90078125 0.55625 0.11875 0.1546875
0 0.0484375 0.2125 0.0890625 0.1359375
0 0.05 0.784375 0.1 0.14375
0 0.0546875 0.49765625 0.10625 0.1390625