0 0.2640625 0.7625 0.13125 0.0953125
0 0.5390625 0.75390625 0.128125 0.1
0 0.79296875 0.75 0.1359375 0.1
0 0.27421875 0.5796875 0.1328125 0.1
0 0.515625 0.58046875 0.13125 0.1
0 0.80390625 0.57578125 0.13125 0.1046875
0 0.54453125 0.375 0.1375 0.1015625
0 0.259375 0.3640625 0.128125 0.1046875
0 0.8046875 0.37578125 0.128125 0.1046875
0 0.84609375 0.15703125 0.1359375 0.1046875
0 0.29609375 0.1328125 0.1359375 0.109375
0 0.5703125 0.13515625 0.14375 0.109375
0 0.23984375 0.91640625 0.1234375 0.1
0 0.7625 0.921875 0.1328125 0.1
0 0.50078125 0.91015625 0.128125 0.1