0 0.74609375 0.7875 0.14375 0.1078125
0 0.46484375 0.73984375 0.140625 0.1125
0 0.2 0.70078125 0.15 0.1140625
0 0.76484375 0.59921875 0.146875 0.1140625
0 0.5109375 0.56171875 0.14375 0.1140625
0 0.21171875 0.51796875 0.1453125 0.1203125
0 0.5109375 0.34375 0.1515625 0.1171875
0 0.809375 0.37421875 0.1421875 0.11875
0 0.23984375 0.30859375 0.1421875 0.11875
0 0.2296875 0.075 0.1484375 0.1203125
0 0.8078125 0.128125 0.1515625 0.1234375
0 0.521875 0.0921875 0.1578125 0.1234375
0 0.75 0.94921875 0.1375 0.1015625
0 0.203125 0.88125 0.146875 0.1140625
0 0.478125 0.9078125 0.140625 0.1125