0 0.7671875 0.778125 0.1421875 0.1015625
0 0.46875 0.76484375 0.1390625 0.1078125
0 0.18984375 0.75859375 0.146875 0.1078125
0 0.7625 0.58046875 0.1453125 0.1078125
0 0.49453125 0.57421875 0.1421875 0.1078125
0 0.178125 0.565625 0.1421875 0.1140625
0 0.4671875 0.3484375 0.15 0.109375
0 0.78046875 0.34140625 0.1390625 0.1125
0 0.18203125 0.34609375 0.1390625 0.1125
0 0.14140625 0.10546875 0.1453125 0.1125
0 0.746875 0.0859375 0.146875 0.11875
0 0.44609375 0.0859375 0.1546875 0.11875
0 0.7921875 0.946875 0.1359375 0.0984375
0 0.21640625 0.94453125 0.1453125 0.1078125
0 0.5046875 0.93671875 0.1390625 0.1078125