0 0.7796875 0.28828125 0.1 0.1328125
0 0.7421875 0.559375 0.1015625 0.13125
0 0.7125 0.81015625 0.103125 0.1375
0 0.59765625 0.2796875 0.103125 0.1359375
0 0.57421875 0.51953125 0.103125 0.1328125
0 0.53828125 0.803125 0.1078125 0.1328125
0 0.3671875 0.52578125 0.10625 0.140625
0 0.3859375 0.24296875 0.1078125 0.13125
0 0.340625 0.78359375 0.10625 0.13125
0 0.11953125 0.8015625 0.109375 0.1375
0 0.153125 0.2546875 0.1140625 0.1390625
0 0.1265625 0.5265625 0.1140625 0.1453125
0 0.934375 0.28125 0.1015625 0.125
0 0.8859375 0.7984375 0.103125 0.1359375
0 0.9015625 0.53828125 0.1015625 0.13125