0 0.68828125 0.16953125 0.140625 0.1015625
0 0.39375 0.1984375 0.1390625 0.1078125
0 0.11875 0.21953125 0.146875 0.1078125
0 0.69375 0.365625 0.14375 0.1078125
0 0.4296875 0.38515625 0.140625 0.1078125
0 0.11796875 0.41015625 0.140625 0.1140625
0 0.4140625 0.61015625 0.15 0.1109375
0 0.72421875 0.60078125 0.1390625 0.1140625
0 0.13125 0.62734375 0.1390625 0.1140625
0 0.1046875 0.8671875 0.14375 0.1140625
0 0.70390625 0.8546875 0.146875 0.11875
0 0.40625 0.8703125 0.15625 0.11875
0 0.7046875 0.02578125 0.134375 0.0515625
0 0.13671875 0.04921875 0.14375 0.078125
0 0.42109375 0.040625 0.1390625 0.0796875