0 0.8375 0.7640625 0.10625 0.1453125
0 0.79765625 0.47109375 0.1125 0.1421875
0 0.76796875 0.196875 0.1125 0.15
0 0.6421875 0.77578125 0.1125 0.146875
0 0.6125 0.5125 0.1125 0.14375
0 0.57734375 0.2015625 0.11875 0.1453125
0 0.3875 0.50546875 0.115625 0.1546875
0 0.4078125 0.8140625 0.11875 0.14375
0 0.3609375 0.22421875 0.11875 0.14375
0 0.1203125 0.20546875 0.11875 0.15
0 0.153125 0.80390625 0.1234375 0.1515625
0 0.1265625 0.50703125 0.125 0.1609375
0 0.9765625 0.775 0.046875 0.1375
0 0.94140625 0.20703125 0.0875 0.146875
0 0.95703125 0.4921875 0.0859375 0.140625