0 0.83125 0.32890625 0.1125 0.1484375
0 0.77734375 0.61484375 0.1171875 0.1453125
0 0.73359375 0.8828125 0.1171875 0.1515625
0 0.6390625 0.30703125 0.1171875 0.15
0 0.596875 0.56484375 0.1171875 0.1484375
0 0.54609375 0.86796875 0.1234375 0.15
0 0.375 0.56015625 0.1203125 0.1546875
0 0.4109375 0.2578125 0.1234375 0.146875
0 0.33515625 0.83515625 0.1234375 0.146875
0 0.096875 0.840625 0.1234375 0.1515625
0 0.1609375 0.25546875 0.1296875 0.1546875
0 0.11953125 0.54453125 0.1296875 0.1625
0 0.97109375 0.32578125 0.0578125 0.1390625
0 0.9109375 0.88203125 0.10625 0.1484375
0 0.94375 0.603125 0.109375 0.1453125