0 0.26875 0.71484375 0.140625 0.1046875
0 0.55625 0.71640625 0.1375 0.109375
0 0.825 0.72421875 0.146875 0.109375
0 0.28359375 0.525 0.14375 0.109375
0 0.54140625 0.53203125 0.140625 0.109375
0 0.84609375 0.53984375 0.1421875 0.115625
0 0.5796875 0.31640625 0.15 0.1125
0 0.27890625 0.2953125 0.1390625 0.11875
0 0.85234375 0.328125 0.1421875 0.115625
0 0.9046875 0.0984375 0.1453125 0.115625
0 0.32265625 0.0546875 0.1484375 0.109375
0 0.6125 0.06484375 0.15625 0.1203125
0 0.2375 0.8796875 0.134375 0.109375
0 0.78984375 0.90234375 0.14375 0.109375
0 0.51328125 0.8796875 0.1375 0.109375