0 0.2359375 0.25 0.1390625 0.103125
0 0.521875 0.24765625 0.1375 0.109375
0 0.7859375 0.24296875 0.14375 0.109375
0 0.253125 0.4390625 0.140625 0.109375
0 0.5046875 0.42890625 0.1390625 0.109375
0 0.80390625 0.42421875 0.1390625 0.1125
0 0.54140625 0.6421875 0.146875 0.1109375
0 0.2453125 0.6640625 0.1375 0.1125
0 0.8125 0.6328125 0.1375 0.1140625
0 0.86328125 0.85859375 0.14375 0.1125
0 0.29140625 0.90390625 0.1453125 0.11875
0 0.5765625 0.89140625 0.1546875 0.11875
0 0.2046875 0.08984375 0.13125 0.1078125
0 0.74921875 0.06484375 0.140625 0.109375
0 0.4765625 0.08671875 0.1375 0.109375