0 0.3140625 0.8859375 0.1140625 0.090625
0 0.784375 0.859375 0.1109375 0.084375
0 0.54765625 0.86171875 0.1171875 0.0875
1 0.0578125 0.77578125 0.0921875 0.1109375
0 0.759375 0.72265625 0.1109375 0.0890625
0 0.509375 0.72890625 0.11875 0.096875
0 0.28671875 0.734375 0.1265625 0.09375
1 0.03984375 0.59765625 0.0765625 0.115625
0 0.74453125 0.55859375 0.11875 0.0984375
0 0.528125 0.565625 0.11875 0.096875
0 0.26640625 0.575 0.1265625 0.096875
1 0.021875 0.40859375 0.04375 0.1390625
0 0.49609375 0.38046875 0.11875 0.1
0 0.7515625 0.3625 0.1234375 0.1
0 0.25859375 0.38671875 0.13125 0.109375
0 0.21328125 0.17890625 0.14375 0.121875
0 0.71328125 0.15234375 0.134375 0.1109375
0 0.4625 0.15859375 0.14375 0.1078125
1 0.059375 0.915625 0.08125 0.096875