0 0.87734375 0.31640625 0.0875 0.1125
0 0.875 0.8 0.08125 0.109375
0 0.86640625 0.56015625 0.084375 0.115625
1 0.75234375 0.05390625 0.1125 0.10625
0 0.734375 0.78203125 0.0875 0.109375
0 0.72734375 0.52578125 0.0921875 0.1171875
0 0.7203125 0.296875 0.0890625 0.125
1 0.56796875 0.04375 0.115625 0.0875
0 0.56484375 0.778125 0.09375 0.1171875
0 0.5609375 0.55390625 0.0921875 0.1171875
0 0.55703125 0.284375 0.09375 0.125
1 0.375 0.03203125 0.14375 0.0640625
0 0.36953125 0.5328125 0.096875 0.1171875
0 0.36484375 0.79609375 0.096875 0.121875
0 0.36328125 0.28671875 0.1046875 0.13125
0 0.14765625 0.2515625 0.1171875 0.140625
0 0.14765625 0.76796875 0.10625 0.1328125
0 0.140625 0.51015625 0.103125 0.14375
1 0.89375 0.0484375 0.1 0.096875