0 0.3015625 0.9140625 0.11875 0.0921875
0 0.80546875 0.9203125 0.115625 0.0859375
0 0.553125 0.90625 0.1203125 0.0890625
1 0.04140625 0.778125 0.0828125 0.115625
0 0.7890625 0.77421875 0.115625 0.0921875
0 0.521875 0.76171875 0.1234375 0.0984375
0 0.28359375 0.75 0.1328125 0.0953125
1 0.03359375 0.58515625 0.0671875 0.1203125
0 0.7859375 0.59609375 0.1234375 0.1
0 0.55390625 0.58828125 0.1234375 0.0984375
0 0.2734375 0.57890625 0.1328125 0.0984375
1 0.0234375 0.38359375 0.0453125 0.146875
0 0.53359375 0.3890625 0.1234375 0.1015625
0 0.8078125 0.38828125 0.1296875 0.1015625
0 0.28046875 0.378125 0.1375 0.1125
0 0.246875 0.15234375 0.1484375 0.125
0 0.7828125 0.16171875 0.1390625 0.115625
0 0.5140625 0.14921875 0.1515625 0.109375
1 0.034375 0.9265625 0.06875 0.103125