0 0.346875 0.909375 0.1171875 0.09375
0 0.8203125 0.865625 0.1140625 0.090625
0 0.584375 0.8765625 0.1203125 0.0921875
1 0.078125 0.809375 0.115625 0.1203125
0 0.79140625 0.7296875 0.1140625 0.09375
0 0.5390625 0.74375 0.1234375 0.1
0 0.31484375 0.75703125 0.13125 0.0984375
1 0.05234375 0.62890625 0.0953125 0.1203125
0 0.77265625 0.56328125 0.1234375 0.103125
0 0.55234375 0.57890625 0.1234375 0.1
0 0.28828125 0.59765625 0.13125 0.1046875
1 0.03046875 0.43984375 0.0609375 0.1453125
0 0.515625 0.39296875 0.1234375 0.1046875
0 0.77265625 0.36484375 0.128125 0.1046875
0 0.27421875 0.4078125 0.1359375 0.1140625
0 0.2203125 0.19921875 0.146875 0.1265625
0 0.72734375 0.1546875 0.140625 0.1171875
0 0.4734375 0.16875 0.1484375 0.1125
1 0.084375 0.94765625 0.103125 0.1046875