0 0.24375 0.928125 0.1234375 0.0953125
0 0.7640625 0.915625 0.11875 0.0890625
0 0.50546875 0.9109375 0.125 0.0921875
0 0.7421875 0.765625 0.1203125 0.0953125
0 0.46640625 0.76171875 0.128125 0.1015625
0 0.2203125 0.75859375 0.1359375 0.0984375
0 0.73515625 0.5828125 0.128125 0.103125
0 0.49296875 0.58203125 0.128125 0.1015625
0 0.203125 0.58359375 0.1359375 0.103125
0 0.4671875 0.37734375 0.128125 0.10625
0 0.75078125 0.36640625 0.1328125 0.10625
0 0.20234375 0.375 0.1421875 0.115625
0 0.16015625 0.14375 0.1515625 0.1296875
0 0.71640625 0.13359375 0.1453125 0.11875
0 0.4390625 0.1296875 0.15625 0.1125