0 0.14921875 0.7515625 0.1 0.121875
0 0.08046875 0.2859375 0.0953125 0.1171875
0 0.12421875 0.51796875 0.0984375 0.1234375
1 0.31015625 0.96328125 0.1203125 0.0734375
0 0.21875 0.28125 0.1 0.11875
0 0.265625 0.5265625 0.1078125 0.1265625
0 0.30546875 0.74609375 0.10625 0.134375
1 0.48828125 0.9578125 0.1234375 0.084375
0 0.38046875 0.26171875 0.109375 0.1265625
0 0.41796875 0.475 0.1078125 0.1265625
0 0.4640625 0.73359375 0.1078125 0.134375
1 0.678125 0.9484375 0.1453125 0.078125
0 0.60546875 0.46796875 0.1109375 0.1265625
0 0.5703125 0.2140625 0.1109375 0.13125
0 0.64921875 0.7015625 0.121875 0.140625
0 0.86171875 0.70390625 0.134375 0.153125
0 0.78359375 0.20859375 0.1234375 0.14375
0 0.83046875 0.45546875 0.1203125 0.153125
1 0.175 0.98046875 0.10625 0.0390625