0 0.09140625 0.8015625 0.109375 0.13125
0 0.03046875 0.30390625 0.0609375 0.1265625
0 0.059375 0.55234375 0.10625 0.1328125
0 0.15625 0.296875 0.109375 0.128125
0 0.21015625 0.55859375 0.1171875 0.1375
0 0.25859375 0.7921875 0.115625 0.1453125
1 0.45390625 0.98515625 0.1234375 0.0296875
0 0.32890625 0.27421875 0.11875 0.1375
0 0.3734375 0.50078125 0.1171875 0.1375
0 0.42734375 0.7765625 0.11875 0.1453125
0 0.5734375 0.4890625 0.1203125 0.1375
0 0.53125 0.21953125 0.1203125 0.14375
0 0.625 0.7390625 0.13125 0.153125
0 0.8515625 0.7359375 0.1453125 0.165625
0 0.75859375 0.20859375 0.134375 0.1546875
0 0.8140625 0.471875 0.13125 0.165625