0 0.375 0.9140625 0.121875 0.1015625
0 0.83515625 0.828125 0.11875 0.0953125
0 0.603125 0.8625 0.125 0.1
1 0.1015625 0.83828125 0.115625 0.121875
0 0.7953125 0.696875 0.11875 0.1015625
0 0.54921875 0.7328125 0.128125 0.1078125
0 0.3296875 0.76484375 0.1359375 0.1078125
1 0.0625 0.6640625 0.1 0.125
0 0.7609375 0.53828125 0.128125 0.109375
0 0.54765625 0.571875 0.128125 0.1078125
0 0.28984375 0.6125 0.1359375 0.109375
1 0.028125 0.48125 0.05625 0.14375
0 0.49375 0.39296875 0.128125 0.1125
0 0.74375 0.34375 0.1328125 0.1125
0 0.259375 0.428125 0.1421875 0.121875
0 0.1890625 0.228125 0.153125 0.1359375
0 0.68046875 0.14140625 0.14375 0.1234375
0 0.4328125 0.178125 0.153125 0.121875
1 0.12109375 0.959375 0.1046875 0.08125