0 0.06953125 0.32109375 0.090625 0.11875
0 0.071875 0.82734375 0.0859375 0.1140625
0 0.08125 0.5734375 0.0875 0.1203125
1 0.20234375 0.04921875 0.1140625 0.0984375
0 0.21953125 0.80859375 0.090625 0.115625
0 0.22734375 0.53984375 0.096875 0.121875
0 0.23359375 0.30078125 0.09375 0.13125
1 0.39453125 0.03984375 0.1203125 0.0796875
0 0.396875 0.80234375 0.1 0.121875
0 0.40078125 0.56953125 0.096875 0.121875
0 0.40625 0.2875 0.096875 0.13125
1 0.59765625 0.0265625 0.146875 0.053125
0 0.6015625 0.5453125 0.1015625 0.121875
0 0.60703125 0.82109375 0.1015625 0.128125
0 0.60859375 0.28984375 0.109375 0.1375
0 0.834375 0.25234375 0.121875 0.146875
0 0.834375 0.79140625 0.1125 0.1390625
0 0.8421875 0.52109375 0.10625 0.15
1 0.05078125 0.04375 0.1015625 0.0875